1 0.0546875 0.44384765625 0.1078125 0.0654296875
1 0.178125 0.43505859375 0.12812500000000002 0.0732421875
1 0.319140625 0.42236328125 0.14609375 0.0712890625
1 0.515234375 0.4326171875 0.14921875 0.07421875
1 0.712109375 0.43701171875 0.13671875 0.0771484375
2 0.23398437500000002 0.4267578125 0.025781250000000002 0.240234375
2 0.3875 0.42138671875 0.026562500000000003 0.3876953125
2 0.536328125 0.4404296875 0.02421875 0.31640625
2 0.6203125 0.44482421875 0.028125 0.3056640625
0 0.099609375 0.55517578125 0.09765625 0.0869140625
0 0.278515625 0.3037109375 0.11796875000000001 0.083984375
0 0.284765625 0.55615234375 0.09765625 0.0869140625
0 0.46406250000000004 0.55859375 0.1078125 0.09375
0 0.45429687500000004 0.314453125 0.10546875 0.087890625
0 0.67109375 0.5595703125 0.1046875 0.1015625
