2 0.27382812500000003 0.4326171875 0.032031250000000004 0.384765625
2 0.4390625 0.4345703125 0.028125 0.404296875
2 0.58125 0.41455078125 0.026562500000000003 0.3115234375
2 0.6765625000000001 0.416015625 0.028125 0.333984375
1 0.08828125 0.44921875 0.15625 0.07421875
1 0.2265625 0.44140625 0.115625 0.083984375
1 0.37539062500000003 0.4296875 0.15703125 0.076171875
1 0.5828125000000001 0.43994140625 0.134375 0.0712890625
1 0.75703125 0.435546875 0.07500000000000001 0.064453125
0 0.150390625 0.3212890625 0.12578125 0.09765625
0 0.14609375 0.56494140625 0.0921875 0.0908203125
0 0.33710937500000004 0.56201171875 0.10859375 0.0849609375
0 0.33710937500000004 0.30029296875 0.11953125 0.0947265625
0 0.512890625 0.3095703125 0.09921875000000001 0.1015625
0 0.517578125 0.5693359375 0.11015625000000001 0.091796875
0 0.7347656250000001 0.57763671875 0.09609375 0.0888671875
