0 0.20859375000000002 0.4140625 0.084375 0.064453125
0 0.21171875 0.59814453125 0.078125 0.0751953125
0 0.361328125 0.611328125 0.09140625000000001 0.0859375
0 0.358984375 0.39306640625 0.10703125000000001 0.1083984375
1 0.22226562500000002 0.51416015625 0.12734375 0.0498046875
1 0.36796875 0.51220703125 0.1265625 0.0478515625
1 0.49335937500000004 0.52197265625 0.11015625000000001 0.0498046875
1 0.6671875 0.51318359375 0.15000000000000002 0.0693359375
2 0.310546875 0.4912109375 0.03359375 0.267578125
2 0.1484375 0.52490234375 0.028125 0.2001953125
2 0.48085937500000003 0.5244140625 0.022656250000000003 0.236328125
2 0.6195312500000001 0.4970703125 0.026562500000000003 0.326171875
