0 0.404296875 0.29736328125 0.10703125000000001 0.0810546875
0 0.41328125000000004 0.5556640625 0.10625000000000001 0.076171875
0 0.61875 0.5634765625 0.09375 0.087890625
0 0.23125 0.556640625 0.1046875 0.091796875
0 0.219140625 0.2900390625 0.12734375 0.091796875
1 0.1125 0.4267578125 0.16562500000000002 0.068359375
1 0.259765625 0.41943359375 0.13203125000000002 0.0712890625
1 0.46875 0.42333984375 0.1421875 0.0732421875
1 0.6625000000000001 0.43017578125 0.125 0.0673828125
2 0.16367187500000002 0.41650390625 0.02421875 0.2802734375
2 0.333984375 0.4189453125 0.022656250000000003 0.41015625
2 0.483203125 0.416015625 0.022656250000000003 0.30078125
2 0.569921875 0.40087890625 0.02109375 0.2490234375
