2 0.070703125 0.55859375 0.025781250000000002 0.275390625
2 0.18671875000000002 0.54443359375 0.021875000000000002 0.3212890625
2 0.223046875 0.53955078125 0.01953125 0.2978515625
2 0.34609375000000003 0.5380859375 0.021875000000000002 0.30078125
2 0.6484375 0.52734375 0.037500000000000006 0.3515625
2 0.70078125 0.51025390625 0.0328125 0.3232421875
0 0.283984375 0.62841796875 0.06640625 0.0517578125
0 0.28046875 0.42333984375 0.065625 0.0517578125
0 0.43125 0.42822265625 0.0765625 0.0478515625
0 0.11796875000000001 0.638671875 0.0625 0.060546875
1 0.35273437500000004 0.51220703125 0.11484375000000001 0.0478515625
1 0.49453125000000003 0.50927734375 0.09375 0.0517578125
1 0.6515625 0.4931640625 0.12187500000000001 0.052734375
1 0.7664062500000001 0.4873046875 0.060937500000000006 0.05078125
