1 0.19609375 0.5234375 0.08750000000000001 0.041015625
1 0.3515625 0.5126953125 0.11093750000000001 0.044921875
1 0.491796875 0.51123046875 0.08671875000000001 0.0400390625
1 0.64453125 0.49462890625 0.11093750000000001 0.0517578125
2 0.033984375000000004 0.54052734375 0.022656250000000003 0.2412109375
2 0.07382812500000001 0.56201171875 0.02109375 0.2802734375
2 0.18828125 0.56103515625 0.018750000000000003 0.3115234375
2 0.224609375 0.5517578125 0.01640625 0.30078125
2 0.34687500000000004 0.546875 0.021875000000000002 0.31640625
2 0.650390625 0.533203125 0.032031250000000004 0.3515625
2 0.70234375 0.5 0.034375 0.30859375
0 0.119140625 0.6376953125 0.06328125 0.052734375
0 0.28359375000000003 0.63427734375 0.0671875 0.0556640625
0 0.427734375 0.42822265625 0.08203125 0.0615234375
0 0.27773437500000003 0.4296875 0.06640625 0.044921875
1 0.766796875 0.49462890625 0.06796875000000001 0.0400390625
