2 0.025781250000000002 0.53125 0.0234375 0.259765625
2 0.061328125000000004 0.5341796875 0.025781250000000002 0.283203125
2 0.18867187500000002 0.529296875 0.02734375 0.314453125
2 0.3375 0.52587890625 0.029687500000000002 0.3212890625
2 0.38906250000000003 0.521484375 0.037500000000000006 0.31640625
2 0.51875 0.52490234375 0.0328125 0.3134765625
1 0.0390625 0.5400390625 0.07187500000000001 0.048828125
1 0.15625 0.52734375 0.078125 0.056640625
1 0.31484375000000003 0.51611328125 0.1171875 0.0498046875
1 0.47578125000000004 0.51806640625 0.1421875 0.0595703125
1 0.6375000000000001 0.5078125 0.125 0.0546875
0 0.109375 0.43359375 0.08281250000000001 0.072265625
0 0.10625000000000001 0.63671875 0.0921875 0.072265625
0 0.26640625 0.4248046875 0.0921875 0.0625
0 0.423828125 0.419921875 0.07109375 0.076171875
0 0.42812500000000003 0.63037109375 0.07500000000000001 0.0693359375
0 0.5984375000000001 0.63134765625 0.07968750000000001 0.0830078125
0 0.596875 0.40966796875 0.0765625 0.0927734375
2 0.7152343750000001 0.5146484375 0.03828125 0.255859375
