0 0.16328125000000002 0.326171875 0.1203125 0.09375
0 0.16796875 0.5625 0.115625 0.0859375
0 0.34765625 0.5673828125 0.1171875 0.0859375
0 0.34921875 0.3056640625 0.1171875 0.099609375
0 0.53046875 0.31201171875 0.09531250000000001 0.0908203125
0 0.530859375 0.5771484375 0.11328125 0.08203125
1 0.09843750000000001 0.44580078125 0.1703125 0.0693359375
1 0.255078125 0.43994140625 0.14453125 0.0673828125
1 0.401171875 0.43212890625 0.14765625000000002 0.0693359375
1 0.5984375000000001 0.439453125 0.15000000000000002 0.0703125
2 0.288671875 0.4287109375 0.025781250000000002 0.357421875
2 0.455859375 0.4296875 0.02890625 0.41015625
2 0.6000000000000001 0.4150390625 0.021875000000000002 0.341796875
2 0.69453125 0.41552734375 0.021875000000000002 0.3115234375
