2 0.07695312500000001 0.5185546875 0.022656250000000003 0.28125
2 0.2671875 0.478515625 0.0203125 0.24609375
1 0.057421875000000004 0.50439453125 0.10390625 0.0556640625
1 0.203125 0.4951171875 0.134375 0.05078125
1 0.354296875 0.490234375 0.11953125 0.052734375
1 0.5078125 0.49365234375 0.125 0.0537109375
0 0.156640625 0.41064453125 0.07265625 0.0419921875
0 0.15195312500000002 0.60791015625 0.08984375 0.0458984375
0 0.331640625 0.40283203125 0.06953125 0.0458984375
2 0.7507812500000001 0.5791015625 0.0390625 0.28515625
