2 0.11289062500000001 0.4560546875 0.049218750000000006 0.365234375
2 0.27109375 0.46240234375 0.029687500000000002 0.3994140625
2 0.42695312500000004 0.458984375 0.025781250000000002 0.40625
1 0.12109375 0.4599609375 0.140625 0.060546875
1 0.261328125 0.45703125 0.14140625 0.068359375
1 0.40351562500000004 0.44580078125 0.13671875 0.0771484375
1 0.60546875 0.4521484375 0.11875000000000001 0.068359375
0 0.33125000000000004 0.3291015625 0.1390625 0.08984375
0 0.1640625 0.3447265625 0.10312500000000001 0.083984375
0 0.509375 0.33056640625 0.109375 0.1044921875
0 0.33906250000000004 0.58740234375 0.1125 0.0888671875
0 0.520703125 0.58642578125 0.10390625 0.0986328125
0 0.714453125 0.6044921875 0.11640625 0.08984375
0 0.71015625 0.31689453125 0.09062500000000001 0.1083984375
2 0.645703125 0.4521484375 0.03828125 0.416015625
