2 0.131640625 0.5341796875 0.02109375 0.2578125
2 0.1765625 0.51416015625 0.018750000000000003 0.2568359375
2 0.3125 0.509765625 0.0203125 0.271484375
1 0.11640625 0.517578125 0.1046875 0.052734375
1 0.27109375 0.51025390625 0.125 0.0556640625
1 0.423828125 0.51513671875 0.12265625000000001 0.0517578125
0 0.041796875000000004 0.4150390625 0.06796875000000001 0.05859375
0 0.04609375 0.61865234375 0.065625 0.0537109375
0 0.21328125 0.609375 0.0765625 0.05078125
0 0.21484375 0.4169921875 0.084375 0.05078125
0 0.38046875 0.6025390625 0.0671875 0.044921875
