1 0.11484375000000001 0.513671875 0.08750000000000001 0.0546875
1 0.2390625 0.5029296875 0.09531250000000001 0.05078125
1 0.390625 0.5029296875 0.13593750000000002 0.0546875
1 0.5652343750000001 0.5029296875 0.14296875 0.060546875
0 0.047265625000000006 0.4150390625 0.07421875 0.06640625
0 0.0546875 0.62109375 0.07187500000000001 0.07421875
0 0.1921875 0.61279296875 0.0890625 0.0751953125
0 0.346484375 0.603515625 0.07578125000000001 0.072265625
0 0.52578125 0.6162109375 0.08125 0.08203125
0 0.708203125 0.61865234375 0.08671875000000001 0.0830078125
0 0.5222656250000001 0.39697265625 0.07890625000000001 0.0849609375
0 0.353515625 0.404296875 0.08671875000000001 0.056640625
0 0.194140625 0.40625 0.08671875000000001 0.060546875
2 0.11640625 0.5146484375 0.026562500000000003 0.30859375
2 0.150390625 0.515625 0.017968750000000002 0.322265625
2 0.27773437500000003 0.501953125 0.02890625 0.337890625
2 0.43125 0.51220703125 0.034375 0.3388671875
2 0.630078125 0.513671875 0.039843750000000004 0.34375
