2 0.1046875 0.49462890625 0.0328125 0.3115234375
2 0.146875 0.494140625 0.028125 0.326171875
2 0.28203125 0.48486328125 0.03125 0.3369140625
2 0.44179687500000003 0.48486328125 0.032031250000000004 0.3486328125
2 0.5 0.48828125 0.028125 0.326171875
2 0.64375 0.48779296875 0.043750000000000004 0.3544921875
1 0.23554687500000002 0.49072265625 0.09609375 0.0576171875
1 0.381640625 0.478515625 0.11171875 0.060546875
1 0.5796875 0.48388671875 0.15156250000000002 0.0595703125
1 0.739453125 0.470703125 0.11796875000000001 0.068359375
0 0.1953125 0.38427734375 0.084375 0.0693359375
0 0.19765625 0.59716796875 0.084375 0.0869140625
0 0.36171875000000003 0.3857421875 0.08125 0.056640625
0 0.53828125 0.376953125 0.0703125 0.07421875
0 0.539453125 0.60205078125 0.07265625 0.0771484375
0 0.046875 0.59765625 0.07187500000000001 0.07421875
