0 0.10820312500000001 0.548828125 0.11640625 0.091796875
0 0.29296875 0.54345703125 0.10312500000000001 0.0947265625
0 0.472265625 0.55126953125 0.10390625 0.0966796875
0 0.681640625 0.55078125 0.10546875 0.099609375
0 0.459765625 0.29541015625 0.10859375 0.0908203125
0 0.286328125 0.28759765625 0.12578125 0.0771484375
1 0.060546875 0.427734375 0.10859375 0.064453125
1 0.171875 0.427734375 0.115625 0.068359375
1 0.319921875 0.4150390625 0.13359375 0.072265625
1 0.51875 0.42236328125 0.15000000000000002 0.0673828125
1 0.724609375 0.42578125 0.12734375 0.076171875
2 0.397265625 0.42333984375 0.032031250000000004 0.3857421875
2 0.54609375 0.42822265625 0.025 0.3369140625
2 0.6335937500000001 0.40966796875 0.026562500000000003 0.2978515625
2 0.23945312500000002 0.4189453125 0.025781250000000002 0.255859375
