2 0.133203125 0.56591796875 0.022656250000000003 0.3115234375
2 0.18359375 0.55908203125 0.0203125 0.2763671875
2 0.33046875000000003 0.5400390625 0.018750000000000003 0.27734375
1 0.11875000000000001 0.53955078125 0.13593750000000002 0.0517578125
1 0.283984375 0.52978515625 0.12421875 0.0615234375
1 0.44296875 0.52978515625 0.140625 0.0537109375
0 0.041406250000000006 0.451171875 0.07187500000000001 0.0625
0 0.053125000000000006 0.66455078125 0.05625 0.0537109375
0 0.224609375 0.6572265625 0.08203125 0.0546875
0 0.22109375 0.443359375 0.08750000000000001 0.044921875
