2 0.2921875 0.44482421875 0.029687500000000002 0.3193359375
2 0.455859375 0.43994140625 0.025781250000000002 0.4150390625
2 0.6039062500000001 0.42919921875 0.03125 0.3115234375
2 0.696875 0.42041015625 0.025 0.3017578125
1 0.10429687500000001 0.44775390625 0.15859375 0.0712890625
1 0.2484375 0.44140625 0.1484375 0.06640625
1 0.39453125 0.43408203125 0.15625 0.0830078125
1 0.603125 0.4375 0.153125 0.068359375
0 0.35195312500000003 0.30810546875 0.11953125 0.0947265625
0 0.16757812500000002 0.32666015625 0.10546875 0.0966796875
0 0.17421875 0.568359375 0.10312500000000001 0.099609375
0 0.35000000000000003 0.5712890625 0.11093750000000001 0.09765625
0 0.543359375 0.5791015625 0.10390625 0.087890625
0 0.5281250000000001 0.31005859375 0.1046875 0.1064453125
