0 0.16132812500000002 0.32470703125 0.11015625000000001 0.0947265625
0 0.162890625 0.5634765625 0.11328125 0.08984375
0 0.346484375 0.56201171875 0.11171875 0.0927734375
0 0.351171875 0.306640625 0.12109375 0.103515625
0 0.52578125 0.3076171875 0.1 0.10546875
0 0.533203125 0.56982421875 0.11015625000000001 0.0927734375
1 0.106640625 0.4453125 0.15234375 0.064453125
1 0.23945312500000002 0.4375 0.10859375 0.068359375
1 0.386328125 0.42822265625 0.14921875 0.0693359375
1 0.598828125 0.43896484375 0.14921875 0.0712890625
2 0.28671875 0.43212890625 0.026562500000000003 0.3544921875
2 0.45429687500000004 0.4345703125 0.01953125 0.3984375
2 0.603515625 0.419921875 0.02421875 0.35546875
2 0.691015625 0.42138671875 0.02890625 0.3408203125
0 0.7484375000000001 0.5810546875 0.0859375 0.087890625
