2 0.047265625000000006 0.49658203125 0.02734375 0.2978515625
2 0.08476562500000001 0.4990234375 0.030468750000000003 0.322265625
2 0.223046875 0.49365234375 0.025781250000000002 0.3369140625
2 0.3828125 0.49267578125 0.03125 0.3427734375
2 0.43125 0.49560546875 0.028125 0.3427734375
2 0.5789062500000001 0.48876953125 0.026562500000000003 0.3876953125
1 0.067578125 0.50537109375 0.09140625000000001 0.0517578125
1 0.19453125000000002 0.49267578125 0.0890625 0.0537109375
1 0.3515625 0.4873046875 0.125 0.05859375
1 0.531640625 0.490234375 0.14921875 0.080078125
1 0.70234375 0.47705078125 0.1171875 0.0634765625
0 0.13828125 0.39013671875 0.09843750000000001 0.0791015625
0 0.135546875 0.607421875 0.09765625 0.080078125
0 0.308203125 0.59326171875 0.07734375 0.0576171875
0 0.30898437500000003 0.39013671875 0.08203125 0.0634765625
0 0.47968750000000004 0.39111328125 0.0859375 0.0693359375
0 0.47890625000000003 0.609375 0.084375 0.076171875
0 0.6683593750000001 0.6142578125 0.08203125 0.0859375
0 0.6644531250000001 0.380859375 0.08046875 0.078125
