2 0.037109375 0.52978515625 0.022656250000000003 0.3017578125
2 0.16328125000000002 0.50927734375 0.0484375 0.3603515625
2 0.205078125 0.49951171875 0.03359375 0.2958984375
2 0.33906250000000004 0.501953125 0.045312500000000006 0.353515625
2 0.403125 0.4990234375 0.028125 0.3359375
2 0.521875 0.50732421875 0.0484375 0.3349609375
1 0.048046875 0.50634765625 0.08984375 0.0458984375
1 0.18359375 0.5009765625 0.12187500000000001 0.041015625
1 0.328125 0.49853515625 0.1171875 0.0537109375
1 0.468359375 0.49853515625 0.10234375000000001 0.0458984375
0 0.09257812500000001 0.408203125 0.07578125000000001 0.0625
0 0.098046875 0.62158203125 0.07421875 0.0673828125
0 0.2671875 0.62109375 0.0765625 0.072265625
0 0.256640625 0.388671875 0.07265625 0.0703125
2 0.46953125 0.5244140625 0.0390625 0.416015625
