2 0.1765625 0.41064453125 0.029687500000000002 0.2587890625
2 0.337890625 0.4013671875 0.025781250000000002 0.39453125
2 0.49257812500000003 0.4052734375 0.02890625 0.341796875
2 0.578515625 0.396484375 0.022656250000000003 0.294921875
1 0.102734375 0.41748046875 0.12734375 0.0751953125
1 0.267578125 0.40234375 0.14609375 0.068359375
1 0.476171875 0.40966796875 0.14609375 0.0673828125
1 0.6843750000000001 0.4111328125 0.16718750000000002 0.080078125
0 0.23671875 0.2744140625 0.10312500000000001 0.095703125
0 0.417578125 0.54345703125 0.10390625 0.0908203125
0 0.408203125 0.28466796875 0.10703125000000001 0.1005859375
0 0.6277343750000001 0.55029296875 0.10703125000000001 0.0888671875
0 0.236328125 0.5419921875 0.10390625 0.095703125
