2 0.064453125 0.552734375 0.025781250000000002 0.3125
2 0.18359375 0.5458984375 0.03125 0.306640625
2 0.22578125000000002 0.53369140625 0.0328125 0.3056640625
2 0.467578125 0.52685546875 0.02421875 0.3193359375
2 0.515625 0.52978515625 0.028125 0.3134765625
2 0.64375 0.5166015625 0.05 0.337890625
1 0.051953125 0.5322265625 0.09921875000000001 0.048828125
1 0.205859375 0.5185546875 0.10546875 0.052734375
1 0.347265625 0.50537109375 0.10859375 0.0517578125
1 0.491015625 0.486328125 0.11015625000000001 0.05078125
1 0.6265625 0.4833984375 0.115625 0.064453125
1 0.74140625 0.48388671875 0.09843750000000001 0.0517578125
0 0.12421875 0.4365234375 0.07500000000000001 0.0546875
0 0.1296875 0.63134765625 0.0703125 0.0517578125
0 0.28046875 0.6220703125 0.09375 0.0546875
0 0.271484375 0.43212890625 0.07734375 0.0478515625
0 0.41523437500000004 0.61376953125 0.08515625 0.0615234375
0 0.40390625 0.4130859375 0.08125 0.06640625
0 0.55703125 0.3935546875 0.0859375 0.052734375
0 0.5652343750000001 0.595703125 0.08203125 0.072265625
