2 0.236328125 0.41552734375 0.02421875 0.2509765625
2 0.39296875000000003 0.41259765625 0.018750000000000003 0.3544921875
2 0.5453125 0.41064453125 0.025 0.3388671875
2 0.6312500000000001 0.39794921875 0.0203125 0.2919921875
1 0.052734375 0.4287109375 0.09765625 0.060546875
1 0.16562500000000002 0.4248046875 0.1171875 0.072265625
1 0.31757812500000004 0.4140625 0.12265625000000001 0.07421875
1 0.5261718750000001 0.41845703125 0.13046875 0.0693359375
1 0.728125 0.42333984375 0.1265625 0.0810546875
0 0.109765625 0.3046875 0.11328125 0.09375
0 0.098828125 0.54541015625 0.11171875 0.0849609375
0 0.290234375 0.55029296875 0.11015625000000001 0.0869140625
0 0.28359375000000003 0.28564453125 0.125 0.0869140625
0 0.464453125 0.296875 0.10390625 0.09765625
0 0.470703125 0.546875 0.10546875 0.087890625
0 0.677734375 0.5517578125 0.10546875 0.095703125
