2 0.052734375 0.50341796875 0.02734375 0.3056640625
2 0.091796875 0.505859375 0.03359375 0.318359375
2 0.22617187500000002 0.48583984375 0.025781250000000002 0.3369140625
2 0.37578125 0.490234375 0.0234375 0.3359375
2 0.436328125 0.49462890625 0.02890625 0.3466796875
2 0.580078125 0.501953125 0.02734375 0.341796875
1 0.06484375 0.50634765625 0.09062500000000001 0.0537109375
1 0.19609375 0.4970703125 0.09375 0.060546875
1 0.35390625000000003 0.486328125 0.1203125 0.0546875
1 0.534375 0.4951171875 0.1265625 0.056640625
1 0.6984375 0.4853515625 0.11875000000000001 0.0625
0 0.144921875 0.3935546875 0.08984375 0.07421875
0 0.146875 0.59912109375 0.096875 0.0810546875
0 0.30507812500000003 0.5966796875 0.07734375 0.076171875
0 0.48476562500000003 0.61181640625 0.07734375 0.0673828125
0 0.6707031250000001 0.61083984375 0.08515625 0.0869140625
0 0.66796875 0.3857421875 0.09375 0.099609375
0 0.47968750000000004 0.38916015625 0.07968750000000001 0.0712890625
0 0.303515625 0.39013671875 0.09296875 0.0712890625
