1 0.118359375 0.51953125 0.11796875000000001 0.046875
1 0.280078125 0.51318359375 0.12421875 0.0517578125
1 0.435546875 0.51416015625 0.12421875 0.0517578125
0 0.216796875 0.4140625 0.08828125 0.052734375
0 0.22226562500000002 0.61328125 0.07578125000000001 0.04296875
0 0.043359375000000006 0.625 0.06171875 0.046875
0 0.041796875000000004 0.4228515625 0.07265625 0.0546875
2 0.12617187500000002 0.52490234375 0.02421875 0.2919921875
2 0.322265625 0.5126953125 0.02734375 0.296875
0 0.39101562500000003 0.60986328125 0.08046875 0.0458984375
