2 0.6179687500000001 0.48974609375 0.034375 0.3349609375
2 0.6761718750000001 0.51123046875 0.01953125 0.2080078125
2 0.48046875 0.51904296875 0.0234375 0.2373046875
2 0.44570312500000003 0.521484375 0.01640625 0.228515625
2 0.325 0.4755859375 0.0234375 0.2421875
2 0.15195312500000002 0.50341796875 0.025781250000000002 0.1748046875
0 0.21328125 0.40625 0.07500000000000001 0.0703125
0 0.36367187500000003 0.60888671875 0.09609375 0.0908203125
0 0.361328125 0.39111328125 0.10078125 0.0927734375
2 0.19453125000000002 0.5185546875 0.0234375 0.251953125
