2 0.140625 0.509765625 0.028125 0.3125
2 0.193359375 0.50341796875 0.02109375 0.2763671875
2 0.331640625 0.49658203125 0.022656250000000003 0.2978515625
1 0.13046875 0.50537109375 0.1125 0.0537109375
1 0.28750000000000003 0.4990234375 0.125 0.052734375
1 0.45703125 0.4990234375 0.1203125 0.06640625
1 0.5867187500000001 0.50439453125 0.0859375 0.0419921875
0 0.05078125 0.40576171875 0.08125 0.0595703125
0 0.048046875 0.6142578125 0.07421875 0.056640625
0 0.228515625 0.60205078125 0.08515625 0.0419921875
0 0.228515625 0.404296875 0.09140625000000001 0.048828125
0 0.40468750000000003 0.40283203125 0.07500000000000001 0.0576171875
0 0.404296875 0.5947265625 0.07265625 0.0390625
