2 0.146875 0.47900390625 0.029687500000000002 0.1630859375
2 0.18867187500000002 0.51171875 0.02421875 0.1875
2 0.3046875 0.48095703125 0.0203125 0.2646484375
2 0.325 0.48046875 0.018750000000000003 0.26953125
2 0.478515625 0.498046875 0.01953125 0.224609375
2 0.4390625 0.45703125 0.0234375 0.296875
2 0.6156250000000001 0.4609375 0.025 0.296875
1 0.22773437500000002 0.490234375 0.11171875 0.056640625
1 0.359375 0.4951171875 0.1265625 0.06640625
1 0.496875 0.4970703125 0.140625 0.06640625
1 0.67578125 0.49267578125 0.1375 0.0791015625
0 0.21406250000000002 0.5810546875 0.0734375 0.078125
0 0.20390625 0.376953125 0.09375 0.09375
0 0.362109375 0.587890625 0.08828125 0.08984375
0 0.5281250000000001 0.60595703125 0.12187500000000001 0.1025390625
0 0.697265625 0.6142578125 0.08359375000000001 0.095703125
0 0.35390625000000003 0.37548828125 0.10312500000000001 0.0927734375
2 0.6683593750000001 0.48974609375 0.030468750000000003 0.3076171875
