2 0.1015625 0.50732421875 0.03125 0.2626953125
2 0.25234375000000003 0.4990234375 0.0203125 0.283203125
1 0.084375 0.49755859375 0.1203125 0.0556640625
1 0.2265625 0.4921875 0.1046875 0.044921875
1 0.39492187500000003 0.498046875 0.12265625000000001 0.05078125
0 0.156640625 0.40576171875 0.08515625 0.0419921875
0 0.156640625 0.5966796875 0.08046875 0.037109375
0 0.33515625000000004 0.40185546875 0.078125 0.0458984375
0 0.511328125 0.3994140625 0.06796875000000001 0.048828125
1 0.5546875 0.49755859375 0.115625 0.0400390625
2 0.415625 0.484375 0.043750000000000004 0.265625
2 0.75 0.5673828125 0.05 0.333984375
