2 0.0328125 0.5458984375 0.0203125 0.2734375
2 0.06953125 0.54248046875 0.0234375 0.2646484375
2 0.18671875000000002 0.5390625 0.0234375 0.3125
2 0.221484375 0.53173828125 0.017968750000000002 0.2939453125
2 0.34375 0.52783203125 0.025 0.2998046875
2 0.6414062500000001 0.51904296875 0.028125 0.3310546875
2 0.6980468750000001 0.5048828125 0.032031250000000004 0.30859375
1 0.043359375000000006 0.52392578125 0.07109375 0.0439453125
1 0.19101562500000002 0.513671875 0.10234375000000001 0.044921875
1 0.341796875 0.50634765625 0.09140625000000001 0.0419921875
1 0.49140625000000004 0.5009765625 0.0890625 0.044921875
1 0.6433593750000001 0.482421875 0.10859375 0.056640625
1 0.7640625000000001 0.47802734375 0.06875 0.0576171875
0 0.10546875 0.4404296875 0.084375 0.05859375
0 0.1046875 0.626953125 0.0890625 0.068359375
0 0.280859375 0.6181640625 0.07109375 0.056640625
0 0.2734375 0.42138671875 0.07187500000000001 0.0478515625
0 0.4265625 0.41796875 0.08125 0.044921875
0 0.7308593750000001 0.380859375 0.08046875 0.0625
