2 0.103515625 0.49658203125 0.03515625 0.3154296875
2 0.15000000000000002 0.49853515625 0.021875000000000002 0.3271484375
2 0.279296875 0.4912109375 0.02890625 0.345703125
2 0.441015625 0.49560546875 0.030468750000000003 0.3583984375
2 0.64453125 0.4990234375 0.035937500000000004 0.361328125
1 0.1046875 0.50390625 0.09531250000000001 0.0546875
1 0.23789062500000002 0.49365234375 0.09453125000000001 0.0615234375
1 0.39375000000000004 0.48681640625 0.13593750000000002 0.0517578125
1 0.5789062500000001 0.48876953125 0.153125 0.0615234375
0 0.045703125000000004 0.4013671875 0.07109375 0.076171875
0 0.04453125 0.59765625 0.065625 0.07421875
0 0.19375 0.609375 0.07968750000000001 0.083984375
0 0.193359375 0.39013671875 0.08671875000000001 0.0791015625
0 0.36015625 0.3974609375 0.078125 0.072265625
0 0.5359375000000001 0.3857421875 0.078125 0.072265625
0 0.5375 0.61279296875 0.08125 0.0830078125
