2 0.023828125000000002 0.53076171875 0.02109375 0.2470703125
2 0.062890625 0.5361328125 0.025781250000000002 0.26953125
2 0.17578125 0.533203125 0.025 0.30859375
2 0.21054687500000002 0.52783203125 0.02421875 0.2939453125
2 0.32734375000000004 0.525390625 0.026562500000000003 0.306640625
2 0.6136718750000001 0.5029296875 0.02890625 0.328125
2 0.6640625 0.48046875 0.035937500000000004 0.302734375
1 0.037500000000000006 0.521484375 0.065625 0.04296875
1 0.180078125 0.5078125 0.09921875000000001 0.04296875
1 0.32265625000000003 0.49951171875 0.09375 0.0458984375
1 0.462890625 0.49267578125 0.08828125 0.0419921875
1 0.6203125 0.47998046875 0.109375 0.0498046875
1 0.7488281250000001 0.474609375 0.10078125 0.068359375
0 0.09843750000000001 0.435546875 0.07968750000000001 0.068359375
0 0.10039062500000001 0.61474609375 0.07734375 0.0712890625
0 0.26601562500000003 0.615234375 0.06484375 0.0625
0 0.26640625 0.419921875 0.0703125 0.048828125
0 0.4 0.40966796875 0.08125 0.0615234375
0 0.7019531250000001 0.37890625 0.08203125 0.05859375
0 0.71015625 0.59423828125 0.078125 0.0595703125
