2 0.154296875 0.5341796875 0.07109375 0.34375
2 0.20429687500000002 0.5166015625 0.05859375 0.326171875
2 0.35273437500000004 0.4892578125 0.06484375 0.37109375
2 0.5421875 0.4638671875 0.0328125 0.2265625
0 0.0703125 0.44677734375 0.078125 0.0693359375
0 0.098046875 0.66162109375 0.08515625 0.0712890625
0 0.26601562500000003 0.62890625 0.07578125000000001 0.06640625
0 0.24531250000000002 0.39013671875 0.07500000000000001 0.0712890625
0 0.404296875 0.34521484375 0.08203125 0.0830078125
0 0.41523437500000004 0.61474609375 0.07265625 0.0732421875
0 0.5609375 0.60693359375 0.07968750000000001 0.0654296875
0 0.556640625 0.3134765625 0.07421875 0.064453125
1 0.46015625000000004 0.4873046875 0.1046875 0.05078125
1 0.327734375 0.50244140625 0.11796875000000001 0.0498046875
1 0.18203125 0.52197265625 0.15000000000000002 0.0556640625
1 0.05234375 0.544921875 0.0921875 0.056640625
