2 0.041796875000000004 0.451171875 0.01640625 0.3125
2 0.170703125 0.46240234375 0.02109375 0.3173828125
2 0.5066406250000001 0.47705078125 0.025781250000000002 0.3212890625
2 0.45703125 0.470703125 0.0203125 0.34765625
2 0.6316406250000001 0.48583984375 0.030468750000000003 0.3388671875
1 0.041796875000000004 0.46826171875 0.07109375 0.0478515625
1 0.18281250000000002 0.48291015625 0.1046875 0.0498046875
1 0.33125000000000004 0.490234375 0.10625000000000001 0.046875
1 0.474609375 0.50732421875 0.11015625000000001 0.0537109375
1 0.6117187500000001 0.509765625 0.115625 0.0546875
1 0.7296875 0.513671875 0.096875 0.046875
0 0.113671875 0.36328125 0.07109375 0.0546875
0 0.10625000000000001 0.55810546875 0.0703125 0.0400390625
0 0.25820312500000003 0.56494140625 0.08203125 0.0439453125
0 0.397265625 0.57568359375 0.08515625 0.0458984375
0 0.5476562500000001 0.60009765625 0.06875 0.0634765625
0 0.55703125 0.390625 0.06875 0.056640625
