2 0.148828125 0.50732421875 0.02421875 0.2001953125
2 0.3203125 0.47314453125 0.025 0.2666015625
2 0.444140625 0.4814453125 0.01640625 0.28515625
2 0.48125 0.50244140625 0.0203125 0.2255859375
2 0.6199218750000001 0.49072265625 0.02421875 0.3056640625
1 0.230859375 0.5 0.12109375 0.05859375
1 0.36054687500000004 0.49658203125 0.12109375 0.0517578125
1 0.49296875 0.50390625 0.125 0.05859375
1 0.6734375 0.49951171875 0.146875 0.0693359375
0 0.361328125 0.37939453125 0.09609375 0.1005859375
0 0.370703125 0.60498046875 0.08359375000000001 0.0947265625
0 0.21015625000000002 0.3955078125 0.07968750000000001 0.080078125
0 0.213671875 0.583984375 0.07890625000000001 0.08203125
2 0.681640625 0.47802734375 0.01953125 0.2783203125
