0 0.43085937500000004 0.30322265625 0.13203125000000002 0.1064453125
0 0.2546875 0.5546875 0.09843750000000001 0.119140625
0 0.25234375000000003 0.310546875 0.10625000000000001 0.1015625
2 0.24765625000000002 0.43017578125 0.09531250000000001 0.3408203125
2 0.34804687500000003 0.4365234375 0.03359375 0.36328125
2 0.38710937500000003 0.43115234375 0.02890625 0.3583984375
2 0.535546875 0.43798828125 0.04296875 0.3857421875
1 0.22734375 0.421875 0.115625 0.06640625
1 0.382421875 0.43017578125 0.12421875 0.0576171875
1 0.55625 0.4248046875 0.1375 0.08203125
1 0.7015625000000001 0.42578125 0.125 0.0859375
