0 0.09296875 0.40673828125 0.078125 0.0634765625
0 0.256640625 0.38623046875 0.07265625 0.0732421875
0 0.1015625 0.61865234375 0.06875 0.0615234375
1 0.049609375000000004 0.5029296875 0.09453125000000001 0.044921875
1 0.18476562500000002 0.49951171875 0.13359375 0.0458984375
1 0.330859375 0.49560546875 0.12421875 0.0400390625
1 0.466796875 0.4970703125 0.10703125000000001 0.046875
2 0.040234375 0.51123046875 0.025781250000000002 0.2509765625
2 0.16367187500000002 0.484375 0.049218750000000006 0.302734375
2 0.209375 0.4853515625 0.029687500000000002 0.287109375
2 0.33632812500000003 0.48193359375 0.04296875 0.3466796875
2 0.400390625 0.48681640625 0.025781250000000002 0.3583984375
2 0.46914062500000003 0.50830078125 0.03359375 0.3916015625
2 0.52265625 0.49609375 0.0390625 0.326171875
