1 0.073046875 0.431640625 0.12890625 0.068359375
1 0.19375 0.42626953125 0.115625 0.0732421875
1 0.33984375 0.4150390625 0.15781250000000002 0.078125
1 0.529296875 0.421875 0.14921875 0.07421875
1 0.71875 0.41845703125 0.1390625 0.0693359375
2 0.22109375 0.40380859375 0.028125 0.3291015625
2 0.381640625 0.412109375 0.02890625 0.357421875
2 0.51875 0.4091796875 0.021875000000000002 0.28125
2 0.60703125 0.40283203125 0.0203125 0.2626953125
0 0.463671875 0.296875 0.07734375 0.078125
0 0.46484375 0.54931640625 0.1 0.0869140625
0 0.6628906250000001 0.552734375 0.09921875000000001 0.091796875
0 0.28164062500000003 0.546875 0.11953125 0.08203125
0 0.280859375 0.28857421875 0.11640625 0.0888671875
