1 0.07382812500000001 0.43017578125 0.12734375 0.0615234375
1 0.19921875 0.4287109375 0.125 0.060546875
1 0.3515625 0.4189453125 0.1421875 0.0703125
1 0.5535156250000001 0.4208984375 0.14140625 0.0703125
1 0.7152343750000001 0.41552734375 0.10546875 0.0595703125
0 0.11796875000000001 0.31103515625 0.1015625 0.0830078125
0 0.114453125 0.54833984375 0.09765625 0.0908203125
0 0.29531250000000003 0.54541015625 0.11093750000000001 0.0732421875
0 0.46406250000000004 0.2978515625 0.09531250000000001 0.083984375
0 0.29140625000000003 0.2958984375 0.1125 0.091796875
0 0.470703125 0.55078125 0.10234375000000001 0.080078125
0 0.66171875 0.54833984375 0.1125 0.0869140625
2 0.22382812500000002 0.40087890625 0.02734375 0.3271484375
2 0.06328125 0.4296875 0.043750000000000004 0.287109375
2 0.37617187500000004 0.42236328125 0.01640625 0.3232421875
2 0.7542968750000001 0.412109375 0.022656250000000003 0.267578125
