2 0.21015625000000002 0.44091796875 0.051562500000000004 0.3466796875
2 0.3515625 0.43212890625 0.03125 0.3876953125
2 0.3875 0.4296875 0.028125 0.375
2 0.5375 0.43701171875 0.0390625 0.4130859375
1 0.096875 0.4462890625 0.11406250000000001 0.0625
1 0.240625 0.439453125 0.1296875 0.064453125
1 0.39375000000000004 0.44140625 0.1390625 0.072265625
1 0.5546875 0.44189453125 0.134375 0.0751953125
1 0.702734375 0.43603515625 0.12265625000000001 0.0732421875
0 0.25625000000000003 0.326171875 0.09843750000000001 0.10546875
0 0.259765625 0.54931640625 0.09921875000000001 0.0947265625
0 0.094140625 0.5498046875 0.10390625 0.09765625
0 0.43203125000000003 0.31884765625 0.1171875 0.1123046875
