2 0.142578125 0.5068359375 0.022656250000000003 0.30078125
2 0.191796875 0.4990234375 0.017968750000000002 0.28515625
2 0.33125000000000004 0.48388671875 0.021875000000000002 0.3056640625
1 0.1296875 0.48876953125 0.109375 0.0517578125
1 0.290625 0.482421875 0.1171875 0.052734375
1 0.444921875 0.48046875 0.11171875 0.052734375
1 0.5925781250000001 0.48974609375 0.10390625 0.0517578125
0 0.053515625000000004 0.39306640625 0.07109375 0.0576171875
0 0.05078125 0.603515625 0.06875 0.05078125
0 0.226953125 0.5859375 0.08203125 0.041015625
0 0.2265625 0.388671875 0.0890625 0.048828125
0 0.40273437500000003 0.38671875 0.06328125 0.041015625
0 0.404296875 0.58349609375 0.07421875 0.0458984375
