2 0.04296875 0.5654296875 0.0234375 0.34765625
2 0.083984375 0.560546875 0.025781250000000002 0.32421875
2 0.219140625 0.55419921875 0.025781250000000002 0.3310546875
2 0.260546875 0.5498046875 0.032031250000000004 0.326171875
2 0.524609375 0.5390625 0.02734375 0.345703125
2 0.575390625 0.5361328125 0.030468750000000003 0.345703125
2 0.7171875000000001 0.5283203125 0.045312500000000006 0.37890625
1 0.06406250000000001 0.5390625 0.1 0.056640625
1 0.23007812500000002 0.5224609375 0.10390625 0.0546875
1 0.3828125 0.51171875 0.1234375 0.05078125
1 0.53671875 0.49365234375 0.1171875 0.0615234375
1 0.691015625 0.48486328125 0.14296875 0.0712890625
0 0.1421875 0.44287109375 0.084375 0.0517578125
0 0.15546875000000002 0.64501953125 0.0765625 0.0556640625
0 0.31484375000000003 0.642578125 0.09531250000000001 0.0546875
0 0.299609375 0.42626953125 0.08359375000000001 0.0595703125
0 0.451953125 0.41845703125 0.06953125 0.0576171875
0 0.46171875 0.63134765625 0.0921875 0.0595703125
0 0.628125 0.61767578125 0.08125 0.0654296875
0 0.6203125 0.3935546875 0.07968750000000001 0.064453125
