1 0.1125 0.4306640625 0.15156250000000002 0.0703125
1 0.26328125 0.4189453125 0.134375 0.072265625
1 0.47304687500000003 0.4228515625 0.14140625 0.0703125
1 0.6687500000000001 0.4306640625 0.1203125 0.078125
2 0.16953125000000002 0.4248046875 0.034375 0.24609375
2 0.334765625 0.4189453125 0.02421875 0.40625
2 0.48867187500000003 0.42138671875 0.030468750000000003 0.3232421875
2 0.57265625 0.41552734375 0.026562500000000003 0.3056640625
0 0.22890625 0.55419921875 0.10312500000000001 0.0830078125
0 0.40078125000000003 0.2978515625 0.115625 0.0859375
0 0.41445312500000003 0.55712890625 0.10234375000000001 0.0947265625
0 0.6273437500000001 0.56591796875 0.08750000000000001 0.0849609375
0 0.230859375 0.291015625 0.11171875 0.087890625
