0 0.10039062500000001 0.3037109375 0.10078125 0.09375
0 0.1 0.54052734375 0.11093750000000001 0.0888671875
0 0.291015625 0.5439453125 0.10703125000000001 0.09375
0 0.29296875 0.28271484375 0.115625 0.0947265625
0 0.45820312500000004 0.2880859375 0.11484375000000001 0.09375
0 0.472265625 0.5478515625 0.10859375 0.083984375
0 0.6781250000000001 0.5498046875 0.1078125 0.087890625
1 0.062890625 0.42919921875 0.10859375 0.0712890625
1 0.18320312500000002 0.419921875 0.13515625 0.068359375
1 0.327734375 0.41259765625 0.13671875 0.0693359375
1 0.524609375 0.4130859375 0.14765625000000002 0.06640625
1 0.7214843750000001 0.41796875 0.14140625 0.080078125
2 0.3984375 0.41748046875 0.026562500000000003 0.3681640625
2 0.5484375 0.41796875 0.026562500000000003 0.35546875
2 0.6332031250000001 0.40185546875 0.02890625 0.3017578125
2 0.238671875 0.4130859375 0.02421875 0.25390625
