1 0.034375 0.56494140625 0.0625 0.0458984375
1 0.1296875 0.564453125 0.0734375 0.0546875
1 0.237109375 0.5576171875 0.07578125000000001 0.0546875
1 0.5164062500000001 0.5517578125 0.12187500000000001 0.05078125
1 0.6531250000000001 0.5478515625 0.10312500000000001 0.0546875
0 0.063671875 0.48193359375 0.08671875000000001 0.0693359375
0 0.066796875 0.64013671875 0.08671875000000001 0.0615234375
0 0.20078125000000002 0.6494140625 0.07187500000000001 0.072265625
0 0.201171875 0.47607421875 0.07890625000000001 0.0712890625
0 0.47382812500000004 0.466796875 0.06953125 0.072265625
0 0.46914062500000003 0.65185546875 0.07734375 0.0615234375
0 0.62890625 0.45458984375 0.0703125 0.0712890625
0 0.6296875000000001 0.6552734375 0.06875 0.08203125
2 0.12812500000000002 0.5625 0.021875000000000002 0.267578125
2 0.16328125000000002 0.5654296875 0.026562500000000003 0.287109375
2 0.2671875 0.560546875 0.025 0.275390625
2 0.394140625 0.56494140625 0.02734375 0.2919921875
2 0.5546875 0.55615234375 0.029687500000000002 0.2880859375
2 0.72578125 0.546875 0.040625 0.240234375
