2 0.04609375 0.5087890625 0.0234375 0.3125
2 0.08476562500000001 0.50634765625 0.02734375 0.3076171875
2 0.221484375 0.49365234375 0.02890625 0.3291015625
2 0.25820312500000003 0.49951171875 0.032031250000000004 0.3291015625
2 0.38125000000000003 0.49609375 0.034375 0.337890625
2 0.431640625 0.4970703125 0.02890625 0.330078125
2 0.5769531250000001 0.5009765625 0.030468750000000003 0.357421875
1 0.066796875 0.50927734375 0.09609375 0.0498046875
1 0.19296875000000002 0.501953125 0.0921875 0.052734375
1 0.35625 0.4921875 0.1125 0.0546875
1 0.525390625 0.49951171875 0.13046875 0.0615234375
1 0.704296875 0.48828125 0.11953125 0.0546875
0 0.13984375000000002 0.39501953125 0.09062500000000001 0.0771484375
0 0.137109375 0.61474609375 0.09453125000000001 0.0791015625
0 0.3015625 0.603515625 0.09531250000000001 0.072265625
0 0.29921875000000003 0.39013671875 0.096875 0.0849609375
0 0.47382812500000004 0.3896484375 0.08046875 0.078125
0 0.47695312500000003 0.615234375 0.08515625 0.072265625
0 0.669140625 0.6162109375 0.08828125 0.083984375
0 0.669140625 0.380859375 0.07890625000000001 0.08984375
