0 0.09296875 0.376953125 0.0671875 0.0546875
0 0.083203125 0.5595703125 0.06796875000000001 0.046875
0 0.2171875 0.57177734375 0.065625 0.0478515625
0 0.35976562500000003 0.57861328125 0.07109375 0.0537109375
0 0.496875 0.603515625 0.0671875 0.060546875
0 0.50390625 0.40380859375 0.065625 0.0556640625
0 0.630078125 0.3974609375 0.06328125 0.072265625
0 0.6257812500000001 0.61767578125 0.06406250000000001 0.0615234375
1 0.164453125 0.4833984375 0.10234375000000001 0.046875
1 0.29531250000000003 0.4921875 0.109375 0.0390625
1 0.431640625 0.51171875 0.10234375000000001 0.05859375
1 0.55703125 0.52001953125 0.10625000000000001 0.0615234375
1 0.662109375 0.5166015625 0.08515625 0.05078125
1 0.7503906250000001 0.51904296875 0.07578125000000001 0.0576171875
2 0.14609375 0.4658203125 0.0234375 0.29296875
2 0.025 0.4814453125 0.018750000000000003 0.216796875
2 0.41484375 0.4814453125 0.0203125 0.30859375
2 0.46015625000000004 0.48291015625 0.021875000000000002 0.3076171875
2 0.571875 0.4921875 0.025 0.32421875
