2 0.27265625 0.431640625 0.0234375 0.380859375
2 0.43789062500000003 0.42919921875 0.02734375 0.4091796875
2 0.5828125000000001 0.4208984375 0.029687500000000002 0.279296875
2 0.673828125 0.412109375 0.03359375 0.30859375
0 0.153125 0.32470703125 0.12187500000000001 0.0966796875
0 0.151171875 0.57861328125 0.08359375000000001 0.0693359375
0 0.33203125 0.56787109375 0.1171875 0.0908203125
0 0.335546875 0.3017578125 0.11796875000000001 0.115234375
0 0.5105468750000001 0.31103515625 0.11015625000000001 0.1005859375
0 0.512890625 0.56787109375 0.12265625000000001 0.0908203125
0 0.735546875 0.57861328125 0.09765625 0.0810546875
1 0.09140625000000001 0.447265625 0.15625 0.07421875
1 0.23671875 0.4404296875 0.13125 0.068359375
1 0.38046875 0.43408203125 0.140625 0.0732421875
1 0.585546875 0.4375 0.13828125 0.07421875
