2 0.039843750000000004 0.5576171875 0.0234375 0.32421875
2 0.084375 0.55419921875 0.0234375 0.3271484375
2 0.216796875 0.546875 0.02890625 0.33203125
2 0.257421875 0.54150390625 0.032031250000000004 0.3369140625
2 0.525390625 0.53515625 0.03359375 0.3515625
2 0.5734375 0.5126953125 0.034375 0.349609375
2 0.7136718750000001 0.51220703125 0.041406250000000006 0.3720703125
1 0.062890625 0.53515625 0.11171875 0.046875
1 0.238671875 0.515625 0.11015625000000001 0.05078125
1 0.390234375 0.5078125 0.11953125 0.0546875
1 0.547265625 0.48779296875 0.11640625 0.0634765625
1 0.69453125 0.4765625 0.140625 0.068359375
0 0.146875 0.43212890625 0.078125 0.0615234375
0 0.15781250000000002 0.64453125 0.0765625 0.0625
0 0.31640625 0.6279296875 0.0734375 0.060546875
0 0.463671875 0.62548828125 0.08984375 0.0634765625
0 0.30703125000000003 0.4208984375 0.0890625 0.060546875
0 0.452734375 0.412109375 0.07734375 0.0546875
0 0.6156250000000001 0.38720703125 0.09062500000000001 0.0634765625
0 0.6265625 0.60986328125 0.08750000000000001 0.0673828125
