0 0.11484375000000001 0.5458984375 0.096875 0.08203125
0 0.296875 0.2919921875 0.11406250000000001 0.080078125
0 0.29453125 0.54052734375 0.11406250000000001 0.0830078125
0 0.472265625 0.54443359375 0.09765625 0.0849609375
0 0.462890625 0.28955078125 0.09453125000000001 0.0908203125
1 0.08203125 0.43115234375 0.15000000000000002 0.0693359375
1 0.22265625 0.42236328125 0.1421875 0.0771484375
1 0.358984375 0.41357421875 0.12890625 0.0693359375
1 0.56015625 0.41455078125 0.1421875 0.0771484375
2 0.21992187500000002 0.43212890625 0.022656250000000003 0.3369140625
2 0.567578125 0.42236328125 0.02734375 0.3564453125
2 0.7578125 0.42138671875 0.043750000000000004 0.3271484375
0 0.658203125 0.5419921875 0.11953125 0.103515625
1 0.7265625 0.40771484375 0.12812500000000002 0.0556640625
