2 0.150390625 0.49169921875 0.030468750000000003 0.2373046875
2 0.300390625 0.49169921875 0.022656250000000003 0.2568359375
2 0.32421875 0.46630859375 0.0171875 0.2626953125
2 0.44257812500000004 0.50439453125 0.025781250000000002 0.2333984375
2 0.48164062500000004 0.49853515625 0.017968750000000002 0.2236328125
2 0.618359375 0.47216796875 0.032031250000000004 0.3076171875
2 0.680859375 0.50537109375 0.01953125 0.2119140625
1 0.225390625 0.4873046875 0.11640625 0.064453125
1 0.359375 0.49609375 0.11093750000000001 0.060546875
1 0.49609375 0.498046875 0.140625 0.060546875
1 0.66796875 0.49462890625 0.1796875 0.0615234375
0 0.20039062500000002 0.3876953125 0.10078125 0.087890625
0 0.203125 0.576171875 0.1 0.0703125
0 0.36445312500000004 0.59326171875 0.09921875000000001 0.0888671875
0 0.5320312500000001 0.6064453125 0.11875000000000001 0.099609375
0 0.354296875 0.37646484375 0.11015625000000001 0.1025390625
