2 0.13593750000000002 0.56689453125 0.0234375 0.2958984375
2 0.18515625000000002 0.55615234375 0.026562500000000003 0.2783203125
2 0.33046875000000003 0.54443359375 0.018750000000000003 0.2919921875
1 0.12421875 0.54248046875 0.12187500000000001 0.0576171875
1 0.276171875 0.5302734375 0.11328125 0.052734375
1 0.456640625 0.52978515625 0.12890625 0.0458984375
0 0.043359375000000006 0.4560546875 0.07734375 0.078125
0 0.054296875 0.666015625 0.06015625 0.056640625
0 0.225390625 0.6513671875 0.08671875000000001 0.046875
0 0.223046875 0.44775390625 0.08984375 0.0478515625
