1 0.126953125 0.54296875 0.12578125 0.05078125
1 0.282421875 0.5341796875 0.12734375 0.0546875
1 0.44765625000000003 0.53466796875 0.1265625 0.0517578125
0 0.041796875000000004 0.44873046875 0.06953125 0.0693359375
0 0.0484375 0.66552734375 0.0578125 0.0498046875
0 0.2234375 0.650390625 0.08125 0.0390625
0 0.220703125 0.44580078125 0.08984375 0.0439453125
0 0.403125 0.64697265625 0.0734375 0.0458984375
2 0.128515625 0.57177734375 0.02890625 0.3115234375
2 0.32734375000000004 0.5546875 0.021875000000000002 0.3046875
