2 0.13593750000000002 0.57666015625 0.028125 0.2744140625
2 0.1859375 0.56103515625 0.021875000000000002 0.2822265625
2 0.3296875 0.54248046875 0.0203125 0.3017578125
1 0.130859375 0.54345703125 0.12421875 0.0517578125
1 0.284765625 0.52978515625 0.11328125 0.0615234375
1 0.448828125 0.53076171875 0.12890625 0.0458984375
0 0.22382812500000002 0.447265625 0.09296875 0.048828125
0 0.22421875000000002 0.64794921875 0.084375 0.0400390625
0 0.051953125 0.65966796875 0.06171875 0.0517578125
0 0.043750000000000004 0.4482421875 0.078125 0.078125
