0 0.28359375000000003 0.54736328125 0.1078125 0.0947265625
0 0.27890625 0.296875 0.1125 0.087890625
0 0.452734375 0.30322265625 0.10546875 0.0849609375
0 0.46132812500000003 0.55322265625 0.10234375000000001 0.0849609375
0 0.6664062500000001 0.55810546875 0.09843750000000001 0.0947265625
1 0.05078125 0.43603515625 0.09375 0.0673828125
1 0.176171875 0.4306640625 0.13671875 0.07421875
1 0.30976562500000004 0.4208984375 0.13515625 0.072265625
1 0.51171875 0.42529296875 0.1640625 0.0693359375
1 0.7156250000000001 0.42822265625 0.12812500000000002 0.0849609375
2 0.38828125 0.43115234375 0.026562500000000003 0.4013671875
2 0.5457031250000001 0.44189453125 0.05234375 0.3525390625
2 0.6195312500000001 0.44091796875 0.03125 0.3291015625
2 0.229296875 0.42041015625 0.032031250000000004 0.2529296875
