1 0.053515625000000004 0.427734375 0.09609375 0.076171875
1 0.17421875 0.4189453125 0.146875 0.072265625
1 0.314453125 0.40673828125 0.14765625000000002 0.0751953125
1 0.51015625 0.41357421875 0.15781250000000002 0.0634765625
1 0.7132812500000001 0.41943359375 0.134375 0.0751953125
2 0.22812500000000002 0.4150390625 0.029687500000000002 0.23828125
2 0.384375 0.4208984375 0.025 0.375
2 0.53046875 0.40234375 0.025 0.302734375
2 0.6156250000000001 0.423828125 0.025 0.322265625
0 0.28750000000000003 0.5380859375 0.1 0.09765625
0 0.27773437500000003 0.28369140625 0.11328125 0.0927734375
0 0.44960937500000003 0.29052734375 0.10703125000000001 0.0927734375
0 0.45859375 0.54248046875 0.096875 0.0888671875
0 0.6648437500000001 0.5439453125 0.10312500000000001 0.09375
