0 0.10390625 0.30517578125 0.1015625 0.0966796875
0 0.10625000000000001 0.544921875 0.1125 0.08203125
0 0.2921875 0.5439453125 0.10625000000000001 0.0859375
0 0.284375 0.2919921875 0.12187500000000001 0.095703125
0 0.46406250000000004 0.2939453125 0.1 0.091796875
0 0.476171875 0.5478515625 0.10234375000000001 0.087890625
0 0.685546875 0.55322265625 0.09921875000000001 0.0966796875
1 0.058984375000000006 0.4287109375 0.10859375 0.072265625
1 0.1765625 0.4267578125 0.115625 0.0703125
1 0.325 0.41552734375 0.13125 0.0673828125
1 0.5339843750000001 0.4208984375 0.13984375000000002 0.06640625
1 0.726171875 0.421875 0.12890625 0.078125
2 0.39570312500000004 0.4052734375 0.02734375 0.32421875
2 0.54609375 0.40673828125 0.026562500000000003 0.3095703125
2 0.633984375 0.39111328125 0.025781250000000002 0.2705078125
2 0.240234375 0.4150390625 0.02421875 0.248046875
