2 0.034375 0.52978515625 0.0203125 0.2158203125
2 0.142578125 0.509765625 0.01953125 0.244140625
2 0.205859375 0.509765625 0.030468750000000003 0.248046875
2 0.3359375 0.5185546875 0.0390625 0.3125
2 0.39882812500000003 0.4853515625 0.022656250000000003 0.3359375
2 0.463671875 0.5068359375 0.030468750000000003 0.33203125
2 0.5222656250000001 0.50732421875 0.04453125 0.3154296875
0 0.10117187500000001 0.62548828125 0.07265625 0.0634765625
0 0.09062500000000001 0.4091796875 0.0765625 0.0625
0 0.25820312500000003 0.39208984375 0.07265625 0.0654296875
0 0.275 0.626953125 0.06406250000000001 0.080078125
1 0.046875 0.50390625 0.084375 0.04296875
1 0.17578125 0.49072265625 0.134375 0.0537109375
1 0.32578125 0.50048828125 0.1328125 0.0458984375
1 0.46601562500000004 0.49609375 0.09296875 0.056640625
