2 0.066796875 0.41943359375 0.030468750000000003 0.2548828125
2 0.259375 0.41015625 0.025 0.25
2 0.412109375 0.42333984375 0.02734375 0.3505859375
2 0.56484375 0.40869140625 0.028125 0.3212890625
2 0.659375 0.4267578125 0.021875000000000002 0.29296875
1 0.055468750000000004 0.42431640625 0.096875 0.0673828125
1 0.185546875 0.42431640625 0.12890625 0.0712890625
1 0.337890625 0.41259765625 0.13203125000000002 0.0712890625
1 0.5437500000000001 0.41796875 0.15000000000000002 0.06640625
0 0.123046875 0.54638671875 0.09296875 0.0908203125
0 0.125390625 0.2978515625 0.09765625 0.09765625
0 0.31796875 0.27978515625 0.0890625 0.0908203125
0 0.30898437500000003 0.54638671875 0.09609375 0.0849609375
0 0.49062500000000003 0.546875 0.11093750000000001 0.0859375
0 0.482421875 0.2919921875 0.10390625 0.087890625
0 0.702734375 0.5517578125 0.10703125000000001 0.10546875
