1 0.18671875000000002 0.4248046875 0.125 0.060546875
1 0.3171875 0.42236328125 0.12812500000000002 0.0673828125
1 0.455859375 0.431640625 0.13515625 0.068359375
1 0.6117187500000001 0.42626953125 0.1421875 0.0712890625
2 0.29453125 0.4248046875 0.046875 0.3359375
2 0.42226562500000003 0.4150390625 0.041406250000000006 0.36328125
2 0.59296875 0.42578125 0.035937500000000004 0.369140625
0 0.33203125 0.53271484375 0.0921875 0.0927734375
0 0.178515625 0.53515625 0.09296875 0.1015625
0 0.174609375 0.33056640625 0.08828125 0.0888671875
0 0.319921875 0.314453125 0.08359375000000001 0.09765625
0 0.49257812500000003 0.30810546875 0.10703125000000001 0.1064453125
0 0.501953125 0.5458984375 0.11953125 0.09375
