0 0.18281250000000002 0.3671875 0.09062500000000001 0.09375
0 0.354296875 0.31396484375 0.09609375 0.1142578125
0 0.374609375 0.6142578125 0.09609375 0.109375
0 0.20429687500000002 0.62158203125 0.09296875 0.0869140625
2 0.127734375 0.4990234375 0.06171875 0.33984375
2 0.26992187500000003 0.474609375 0.06796875000000001 0.380859375
2 0.319921875 0.45654296875 0.055468750000000004 0.4013671875
2 0.46523437500000003 0.447265625 0.06796875000000001 0.42578125
1 0.05390625 0.53857421875 0.0921875 0.0498046875
1 0.17148437500000002 0.50732421875 0.13046875 0.0595703125
1 0.31562500000000004 0.478515625 0.1453125 0.056640625
1 0.439453125 0.4599609375 0.10859375 0.068359375
