2 0.2890625 0.4326171875 0.0328125 0.349609375
2 0.455859375 0.43896484375 0.025781250000000002 0.4130859375
2 0.602734375 0.43212890625 0.025781250000000002 0.3056640625
2 0.697265625 0.43017578125 0.030468750000000003 0.3037109375
0 0.16875 0.3310546875 0.12812500000000002 0.08984375
0 0.173828125 0.56640625 0.10703125000000001 0.091796875
0 0.351171875 0.57666015625 0.10703125000000001 0.0908203125
0 0.35273437500000004 0.31005859375 0.11328125 0.1064453125
0 0.5281250000000001 0.31982421875 0.1125 0.0986328125
0 0.534375 0.5751953125 0.109375 0.0859375
1 0.10429687500000001 0.45703125 0.14921875 0.064453125
1 0.240625 0.4482421875 0.11875000000000001 0.076171875
1 0.39375000000000004 0.4423828125 0.14375000000000002 0.07421875
1 0.605078125 0.4453125 0.15234375 0.0703125
