2 0.047656250000000004 0.53076171875 0.03125 0.2470703125
2 0.170703125 0.53369140625 0.02890625 0.2744140625
2 0.208984375 0.5361328125 0.032031250000000004 0.29296875
2 0.33671875 0.52685546875 0.037500000000000006 0.3095703125
2 0.49140625000000004 0.53759765625 0.029687500000000002 0.3193359375
2 0.548828125 0.54052734375 0.02890625 0.3427734375
2 0.69296875 0.54248046875 0.037500000000000006 0.3505859375
1 0.069140625 0.5146484375 0.07109375 0.052734375
1 0.18671875000000002 0.5087890625 0.08125 0.05859375
1 0.30000000000000004 0.501953125 0.078125 0.05078125
1 0.4625 0.498046875 0.11406250000000001 0.05078125
1 0.6273437500000001 0.50537109375 0.1171875 0.0556640625
0 0.09609375 0.43017578125 0.10625000000000001 0.0654296875
0 0.1015625 0.61572265625 0.1015625 0.0810546875
0 0.25 0.63134765625 0.09531250000000001 0.0869140625
0 0.25703125 0.41455078125 0.08125 0.0732421875
0 0.417578125 0.41748046875 0.10546875 0.0693359375
0 0.41523437500000004 0.6171875 0.08671875000000001 0.05859375
0 0.5953125 0.4150390625 0.07968750000000001 0.078125
0 0.589453125 0.6328125 0.08046875 0.087890625
