0 0.15000000000000002 0.32275390625 0.1078125 0.0927734375
0 0.14179687500000002 0.5634765625 0.09296875 0.095703125
0 0.33710937500000004 0.56591796875 0.11015625000000001 0.0947265625
0 0.33437500000000003 0.2998046875 0.1171875 0.107421875
0 0.509765625 0.3125 0.10390625 0.09375
0 0.5164062500000001 0.56396484375 0.11406250000000001 0.0849609375
0 0.728515625 0.57177734375 0.11328125 0.0986328125
1 0.09921875000000001 0.43994140625 0.15000000000000002 0.0693359375
1 0.24179687500000002 0.43701171875 0.13359375 0.0595703125
1 0.3875 0.42822265625 0.15156250000000002 0.0693359375
1 0.585546875 0.43896484375 0.13984375000000002 0.0693359375
1 0.755078125 0.4345703125 0.08046875 0.052734375
2 0.2765625 0.43798828125 0.026562500000000003 0.3798828125
2 0.43828125 0.43408203125 0.0234375 0.4033203125
2 0.580078125 0.4384765625 0.01953125 0.310546875
2 0.6722656250000001 0.39794921875 0.025781250000000002 0.2822265625
