0 0.138671875 0.40185546875 0.09140625000000001 0.0771484375
0 0.302734375 0.39306640625 0.09296875 0.0634765625
0 0.48046875 0.3916015625 0.0921875 0.06640625
0 0.6667968750000001 0.38427734375 0.08359375000000001 0.0810546875
0 0.1421875 0.61083984375 0.09843750000000001 0.0791015625
0 0.30507812500000003 0.5986328125 0.07109375 0.064453125
0 0.4734375 0.6142578125 0.084375 0.0703125
0 0.6640625 0.61328125 0.084375 0.080078125
1 0.065234375 0.5078125 0.09296875 0.060546875
1 0.19648437500000002 0.4970703125 0.08671875000000001 0.060546875
1 0.357421875 0.49072265625 0.11796875000000001 0.0576171875
1 0.534375 0.49755859375 0.13593750000000002 0.0576171875
1 0.69453125 0.486328125 0.11093750000000001 0.0546875
2 0.046484375 0.50732421875 0.02890625 0.3017578125
2 0.08515625 0.50390625 0.025 0.306640625
2 0.220703125 0.4951171875 0.030468750000000003 0.3125
2 0.3796875 0.4951171875 0.0328125 0.32421875
2 0.43476562500000004 0.50244140625 0.025781250000000002 0.3291015625
2 0.5796875 0.50048828125 0.025 0.3662109375
