0 0.244921875 0.3134765625 0.09921875000000001 0.12109375
0 0.24921875000000002 0.5556640625 0.0921875 0.107421875
0 0.420703125 0.32568359375 0.11953125 0.0966796875
1 0.23828125 0.4345703125 0.11406250000000001 0.060546875
1 0.389453125 0.43994140625 0.14140625 0.0634765625
1 0.562109375 0.43798828125 0.14140625 0.0615234375
1 0.70078125 0.43798828125 0.1296875 0.0751953125
2 0.33984375 0.43701171875 0.03125 0.3837890625
2 0.3796875 0.4462890625 0.028125 0.365234375
2 0.5265625 0.43408203125 0.034375 0.3935546875
