1 0.2609375 0.41455078125 0.140625 0.0888671875
1 0.48085937500000003 0.42041015625 0.13515625 0.0712890625
1 0.667578125 0.42626953125 0.14609375 0.0791015625
2 0.173828125 0.41943359375 0.017968750000000002 0.2607421875
2 0.33828125000000003 0.4267578125 0.028125 0.392578125
2 0.49140625000000004 0.42431640625 0.0328125 0.3388671875
2 0.578515625 0.4111328125 0.025781250000000002 0.287109375
2 0.7359375 0.47705078125 0.03125 0.1513671875
0 0.23007812500000002 0.5517578125 0.11015625000000001 0.095703125
0 0.2328125 0.279296875 0.11093750000000001 0.09375
0 0.40273437500000003 0.29345703125 0.10703125000000001 0.0966796875
0 0.41445312500000003 0.55224609375 0.10234375000000001 0.0810546875
0 0.6312500000000001 0.55810546875 0.09531250000000001 0.0869140625
