2 0.14765625000000002 0.4794921875 0.0234375 0.25390625
2 0.3125 0.49169921875 0.035937500000000004 0.2763671875
2 0.478125 0.5068359375 0.025 0.240234375
2 0.62109375 0.48583984375 0.03125 0.3251953125
2 0.43828125 0.48583984375 0.025 0.2666015625
2 0.671875 0.474609375 0.0203125 0.267578125
1 0.211328125 0.49658203125 0.11640625 0.0576171875
1 0.3484375 0.4970703125 0.1046875 0.0625
1 0.46914062500000003 0.50390625 0.11796875000000001 0.056640625
1 0.6687500000000001 0.49755859375 0.1421875 0.0712890625
0 0.21054687500000002 0.38330078125 0.08203125 0.0908203125
0 0.21171875 0.58203125 0.0765625 0.07421875
0 0.361328125 0.3779296875 0.08984375 0.08984375
0 0.36171875000000003 0.58984375 0.08125 0.07421875
