2 0.148828125 0.51611328125 0.025781250000000002 0.2373046875
2 0.18984375 0.5078125 0.025 0.259765625
2 0.318359375 0.4951171875 0.032031250000000004 0.291015625
2 0.44062500000000004 0.4892578125 0.029687500000000002 0.298828125
2 0.483984375 0.5234375 0.014843750000000001 0.23828125
2 0.619140625 0.49365234375 0.03515625 0.3193359375
1 0.2328125 0.50927734375 0.134375 0.0595703125
1 0.35390625000000003 0.51416015625 0.1046875 0.0654296875
1 0.48085937500000003 0.5166015625 0.12890625 0.060546875
1 0.6839843750000001 0.50634765625 0.13046875 0.0673828125
0 0.35976562500000003 0.39404296875 0.10390625 0.1064453125
0 0.36640625000000004 0.60888671875 0.08750000000000001 0.0927734375
0 0.21054687500000002 0.41162109375 0.08828125 0.0693359375
0 0.21250000000000002 0.60888671875 0.0890625 0.0830078125
