0 0.23974609375 0.12109375 0.0810546875 0.084375
0 0.45751953125 0.095703125 0.0927734375 0.08984375
0 0.501953125 0.25039062500000003 0.1015625 0.09296875
0 0.26123046875 0.278125 0.0908203125 0.0859375
0 0.55419921875 0.41523437500000004 0.1162109375 0.09140625000000001
0 0.26708984375 0.437109375 0.1044921875 0.09296875
1 0.35400390625 0.1078125 0.0732421875 0.1375
1 0.37890625 0.240234375 0.087890625 0.13828125
1 0.40576171875 0.373046875 0.0751953125 0.13671875
1 0.421875 0.49453125000000003 0.0703125 0.115625
