0 0.278515625 0.12890625 0.04609375 0.072265625
0 0.429296875 0.1455078125 0.04609375 0.076171875
0 0.263671875 0.31689453125 0.05234375 0.0751953125
0 0.43359375 0.32861328125 0.0578125 0.0751953125
0 0.257421875 0.4833984375 0.055468750000000004 0.087890625
0 0.456640625 0.49462890625 0.06171875 0.0908203125
1 0.3609375 0.107421875 0.045312500000000006 0.1328125
1 0.355078125 0.2578125 0.04453125 0.15234375
1 0.3515625 0.43408203125 0.046875 0.1376953125
1 0.34609375000000003 0.60546875 0.053125000000000006 0.134765625
