0 0.52978515625 0.05390625 0.0791015625 0.08750000000000001
0 0.56103515625 0.23046875 0.0849609375 0.07968750000000001
0 0.306640625 0.22265625 0.09375 0.0703125
0 0.53662109375 0.39492187500000003 0.0849609375 0.06328125
0 0.2802734375 0.38203125000000004 0.10546875 0.0734375
0 0.251953125 0.5296875 0.10546875 0.08125
0 0.544921875 0.5203125000000001 0.08984375 0.0703125
1 0.40234375 0.140625 0.060546875 0.1171875
1 0.40576171875 0.30117187500000003 0.0634765625 0.13359375
1 0.39306640625 0.432421875 0.0634765625 0.12265625000000001
1 0.38720703125 0.566015625 0.0673828125 0.10234375000000001
