0 0.33251953125 0.3015625 0.0712890625 0.07500000000000001
0 0.5478515625 0.27265625 0.06640625 0.0765625
0 0.36962890625 0.46640625 0.0693359375 0.0734375
0 0.59716796875 0.444921875 0.0751953125 0.06796875000000001
0 0.6484375 0.60078125 0.08984375 0.07187500000000001
0 0.37841796875 0.61640625 0.0771484375 0.06406250000000001
0 0.3984375 0.7734375 0.072265625 0.078125
0 0.669921875 0.75703125 0.087890625 0.06875
1 0.4736328125 0.380859375 0.05859375 0.14140625
1 0.4541015625 0.248046875 0.04296875 0.09140625000000001
1 0.49169921875 0.5265625 0.0732421875 0.11875000000000001
1 0.51318359375 0.6578125 0.0634765625 0.1078125
