0 0.38720703125 0.3203125 0.0673828125 0.07968750000000001
0 0.60009765625 0.29765625 0.0732421875 0.08281250000000001
0 0.40966796875 0.491015625 0.0712890625 0.06953125
0 0.6435546875 0.4734375 0.0703125 0.0703125
0 0.41552734375 0.6414062500000001 0.0673828125 0.07187500000000001
0 0.69287109375 0.6359375 0.0751953125 0.0671875
0 0.41064453125 0.7835937500000001 0.0771484375 0.07500000000000001
0 0.6962890625 0.7828125 0.091796875 0.07968750000000001
1 0.4912109375 0.255078125 0.0546875 0.10234375000000001
1 0.51318359375 0.40625 0.0712890625 0.1484375
1 0.5263671875 0.55703125 0.060546875 0.1265625
1 0.53564453125 0.684765625 0.0556640625 0.09609375
