2 0.44648437500000004 0.048828125 0.25078125 0.02734375
2 0.448046875 0.10400390625 0.25390625 0.0341796875
2 0.44140625 0.27197265625 0.2703125 0.0419921875
2 0.43789062500000003 0.32373046875 0.26171875 0.0361328125
2 0.437109375 0.65625 0.28046875 0.03515625
2 0.432421875 0.72314453125 0.28515625 0.0498046875
2 0.41835937500000003 0.89697265625 0.30390625000000004 0.0634765625
1 0.432421875 0.07861328125 0.03828125 0.1416015625
1 0.420703125 0.2919921875 0.03671875 0.134765625
1 0.40859375000000003 0.48828125 0.0484375 0.142578125
1 0.398046875 0.681640625 0.05234375 0.1640625
1 0.38671875 0.86962890625 0.05625 0.1806640625
0 0.5203125000000001 0.197265625 0.040625 0.08984375
0 0.51171875 0.3857421875 0.0421875 0.123046875
0 0.34140625 0.37890625 0.046875 0.10546875
0 0.333984375 0.56591796875 0.049218750000000006 0.1142578125
0 0.5085937500000001 0.5771484375 0.05 0.115234375
0 0.49843750000000003 0.7841796875 0.046875 0.099609375
0 0.3140625 0.7744140625 0.0546875 0.103515625
0 0.35078125000000004 0.18603515625 0.046875 0.1025390625
