1 0.451953125 0.04296875 0.03671875 0.078125
1 0.45156250000000003 0.162109375 0.043750000000000004 0.091796875
1 0.44609375 0.29638671875 0.043750000000000004 0.0947265625
1 0.44140625 0.6455078125 0.040625 0.15234375
1 0.43828125 0.81640625 0.043750000000000004 0.12890625
0 0.385546875 0.07958984375 0.055468750000000004 0.1083984375
0 0.512109375 0.08349609375 0.049218750000000006 0.1083984375
0 0.51953125 0.2509765625 0.0578125 0.08984375
0 0.380859375 0.25146484375 0.057031250000000006 0.0986328125
0 0.37343750000000003 0.59228515625 0.0578125 0.0869140625
0 0.521484375 0.58642578125 0.049218750000000006 0.0966796875
0 0.36367187500000003 0.7861328125 0.057031250000000006 0.087890625
0 0.5242187500000001 0.787109375 0.065625 0.0859375
2 0.45 0.16015625 0.21406250000000002 0.02734375
2 0.45234375000000004 0.2041015625 0.22968750000000002 0.033203125
2 0.44843750000000004 0.333984375 0.22031250000000002 0.03125
2 0.451953125 0.49267578125 0.23359375000000002 0.0341796875
2 0.444921875 0.693359375 0.23046875 0.037109375
2 0.4375 0.9072265625 0.1921875 0.05078125
