2 0.412890625 0.18603515625 0.18984375 0.0322265625
2 0.40625 0.2373046875 0.2078125 0.03125
2 0.39609375 0.39794921875 0.2328125 0.0400390625
2 0.39140625 0.55078125 0.2390625 0.037109375
2 0.41875 0.60498046875 0.19062500000000002 0.0185546875
2 0.39492187500000003 0.77392578125 0.25546875 0.0439453125
1 0.40742187500000004 0.291015625 0.047656250000000004 0.16796875
1 0.41132812500000004 0.4423828125 0.05234375 0.130859375
1 0.41328125000000004 0.60107421875 0.0484375 0.1611328125
1 0.405078125 0.85498046875 0.05390625 0.1630859375
0 0.315234375 0.44970703125 0.08515625 0.1298828125
0 0.487109375 0.4580078125 0.07421875 0.109375
0 0.32929687500000004 0.26318359375 0.055468750000000004 0.1103515625
0 0.487109375 0.265625 0.06640625 0.111328125
