2 0.444921875 0.06982421875 0.25546875 0.0380859375
2 0.43671875000000004 0.2294921875 0.2546875 0.03515625
2 0.43281250000000004 0.27783203125 0.259375 0.0380859375
2 0.423828125 0.57666015625 0.25703125 0.0380859375
2 0.421875 0.63818359375 0.25625000000000003 0.0380859375
2 0.40742187500000004 0.79736328125 0.27265625 0.0615234375
1 0.42617187500000003 0.05615234375 0.041406250000000006 0.1025390625
1 0.4140625 0.25537109375 0.043750000000000004 0.1103515625
1 0.405078125 0.4306640625 0.039843750000000004 0.12890625
1 0.390625 0.61767578125 0.053125000000000006 0.1591796875
1 0.385546875 0.77685546875 0.05078125 0.1494140625
0 0.509765625 0.15869140625 0.04609375 0.0712890625
0 0.490234375 0.51513671875 0.04609375 0.0966796875
0 0.337890625 0.49462890625 0.05078125 0.0888671875
0 0.31328125 0.6845703125 0.0484375 0.10546875
0 0.48515625 0.703125 0.0546875 0.09375
0 0.503125 0.341796875 0.046875 0.078125
0 0.49843750000000003 0.88134765625 0.06875 0.0888671875
0 0.30507812500000003 0.873046875 0.05078125 0.091796875
1 0.38789062500000004 0.92333984375 0.03828125 0.1220703125
