2 0.13398437500000002 0.55322265625 0.02734375 0.2802734375
2 0.18320312500000002 0.53955078125 0.022656250000000003 0.2783203125
2 0.328125 0.5283203125 0.0203125 0.306640625
1 0.12109375 0.5205078125 0.1171875 0.052734375
1 0.291015625 0.509765625 0.13046875 0.05078125
1 0.451953125 0.50634765625 0.12265625000000001 0.0498046875
0 0.04296875 0.43798828125 0.0734375 0.0732421875
0 0.048046875 0.6484375 0.06015625 0.0546875
0 0.225 0.63134765625 0.08281250000000001 0.0458984375
0 0.21992187500000002 0.4287109375 0.08515625 0.046875
