2 0.11328125 0.48779296875 0.026562500000000003 0.2548828125
2 0.261328125 0.45263671875 0.025781250000000002 0.2392578125
2 0.42617187500000003 0.4560546875 0.032031250000000004 0.279296875
2 0.7644531250000001 0.54345703125 0.04453125 0.3212890625
0 0.168359375 0.3828125 0.09296875 0.044921875
0 0.17265625 0.57666015625 0.09531250000000001 0.0400390625
1 0.10234375000000001 0.47705078125 0.12812500000000002 0.0537109375
1 0.23515625 0.46630859375 0.1171875 0.0556640625
1 0.40351562500000004 0.46337890625 0.11640625 0.0537109375
1 0.555078125 0.46630859375 0.10546875 0.0400390625
0 0.34453125 0.3720703125 0.0859375 0.041015625
0 0.529296875 0.3642578125 0.06015625 0.04296875
