2 0.4078125 0.17578125 0.25 0.03515625
2 0.40273437500000003 0.24169921875 0.22109375 0.0263671875
2 0.397265625 0.41455078125 0.23828125 0.0283203125
1 0.404296875 0.1630859375 0.04296875 0.140625
1 0.39921875 0.359375 0.0421875 0.15625
1 0.39921875 0.5712890625 0.053125000000000006 0.150390625
1 0.40351562500000004 0.7333984375 0.03359375 0.107421875
0 0.32460937500000003 0.0634765625 0.047656250000000004 0.1015625
0 0.49140625000000004 0.06005859375 0.045312500000000006 0.0927734375
0 0.48164062500000004 0.28564453125 0.03359375 0.1064453125
0 0.32343750000000004 0.28564453125 0.0390625 0.1142578125
0 0.322265625 0.505859375 0.04609375 0.09375
0 0.47578125000000004 0.50537109375 0.03125 0.0908203125
