0 0.150390625 0.43603515625 0.07109375 0.0537109375
0 0.158984375 0.64501953125 0.07265625 0.0595703125
0 0.318359375 0.63525390625 0.08671875000000001 0.0595703125
0 0.296484375 0.42626953125 0.08046875 0.0517578125
0 0.4578125 0.41455078125 0.06875 0.0556640625
0 0.46718750000000003 0.625 0.08750000000000001 0.0546875
0 0.6277343750000001 0.609375 0.08046875 0.07421875
0 0.616796875 0.38623046875 0.08515625 0.0654296875
2 0.04296875 0.5546875 0.021875000000000002 0.310546875
2 0.08515625 0.5576171875 0.0234375 0.318359375
2 0.21484375 0.548828125 0.026562500000000003 0.328125
2 0.260546875 0.53955078125 0.02890625 0.3388671875
2 0.525 0.53173828125 0.028125 0.3447265625
2 0.5808593750000001 0.53076171875 0.02734375 0.3642578125
2 0.712109375 0.51171875 0.03828125 0.3828125
1 0.063671875 0.53466796875 0.10859375 0.0478515625
1 0.2234375 0.51708984375 0.11093750000000001 0.0556640625
1 0.389453125 0.5087890625 0.12109375 0.056640625
1 0.540234375 0.49267578125 0.12578125 0.0673828125
1 0.694921875 0.482421875 0.13984375000000002 0.06640625
