1 0.09921875000000001 0.4404296875 0.11875000000000001 0.05859375
1 0.22617187500000002 0.4345703125 0.12734375 0.0703125
1 0.389453125 0.4453125 0.13359375 0.072265625
1 0.56484375 0.43798828125 0.1484375 0.0830078125
1 0.7117187500000001 0.43896484375 0.12812500000000002 0.0693359375
0 0.43007812500000003 0.3115234375 0.11015625000000001 0.10546875
0 0.252734375 0.31884765625 0.11171875 0.0986328125
0 0.24960937500000002 0.5546875 0.11953125 0.10546875
0 0.091015625 0.55126953125 0.09453125000000001 0.1044921875
2 0.21601562500000002 0.431640625 0.05234375 0.345703125
2 0.34804687500000003 0.42626953125 0.03359375 0.3623046875
2 0.53515625 0.43359375 0.0390625 0.404296875
