0 0.136328125 0.39453125 0.10390625 0.068359375
0 0.30312500000000003 0.3916015625 0.09375 0.06640625
0 0.478515625 0.3896484375 0.07890625000000001 0.06640625
0 0.66171875 0.3828125 0.08125 0.080078125
0 0.669140625 0.62353515625 0.08359375000000001 0.0830078125
0 0.48046875 0.611328125 0.08125 0.064453125
0 0.303515625 0.5927734375 0.08203125 0.06640625
0 0.14765625000000002 0.60693359375 0.0859375 0.0712890625
2 0.051562500000000004 0.498046875 0.028125 0.296875
2 0.087890625 0.50439453125 0.030468750000000003 0.3291015625
2 0.2265625 0.4931640625 0.025 0.322265625
2 0.26171875 0.498046875 0.026562500000000003 0.326171875
2 0.38320312500000003 0.49462890625 0.03671875 0.3466796875
2 0.578515625 0.4970703125 0.030468750000000003 0.365234375
2 0.4375 0.49267578125 0.025 0.3427734375
1 0.0625 0.50634765625 0.0921875 0.0498046875
1 0.19765625 0.49755859375 0.0890625 0.0615234375
1 0.35546875 0.4892578125 0.115625 0.052734375
1 0.53359375 0.49365234375 0.1375 0.0615234375
1 0.7035156250000001 0.48779296875 0.12421875 0.0576171875
