1 0.41875 0.2451171875 0.0328125 0.109375
1 0.41015625 0.439453125 0.035937500000000004 0.138671875
1 0.408984375 0.61474609375 0.032031250000000004 0.1083984375
1 0.39570312500000004 0.8056640625 0.041406250000000006 0.138671875
2 0.432421875 0.04248046875 0.19296875000000002 0.0283203125
2 0.44960937500000003 0.09228515625 0.22421875000000002 0.0263671875
2 0.448828125 0.2353515625 0.24921875000000002 0.0234375
2 0.44140625 0.28076171875 0.240625 0.0205078125
2 0.4375 0.43359375 0.253125 0.02734375
2 0.4265625 0.81298828125 0.28125 0.0400390625
2 0.4 0.8779296875 0.246875 0.04296875
0 0.51015625 0.14892578125 0.0421875 0.0791015625
0 0.507421875 0.3544921875 0.04453125 0.083984375
0 0.342578125 0.53466796875 0.049218750000000006 0.1025390625
0 0.34375 0.34716796875 0.035937500000000004 0.0830078125
1 0.39570312500000004 0.95849609375 0.032031250000000004 0.0849609375
