2 0.39296875000000003 0.1318359375 0.22812500000000002 0.03515625
2 0.3984375 0.0693359375 0.22187500000000002 0.03125
2 0.3828125 0.31640625 0.225 0.02734375
1 0.3921875 0.07275390625 0.043750000000000004 0.1435546875
1 0.38671875 0.2705078125 0.040625 0.150390625
1 0.38593750000000004 0.4580078125 0.046875 0.15625
0 0.30312500000000003 0.181640625 0.0421875 0.1171875
0 0.46992187500000004 0.1875 0.05078125 0.115234375
1 0.38671875 0.6552734375 0.0328125 0.126953125
0 0.299609375 0.63427734375 0.03515625 0.0791015625
2 0.43203125000000003 0.94384765625 0.27187500000000003 0.0556640625
2 0.36953125000000003 0.5302734375 0.22187500000000002 0.029296875
