2 0.148046875 0.50537109375 0.02109375 0.2919921875
2 0.193359375 0.51025390625 0.017968750000000002 0.2685546875
2 0.33242187500000003 0.5146484375 0.01953125 0.27734375
1 0.1375 0.5087890625 0.10625000000000001 0.05078125
1 0.28554687500000003 0.51611328125 0.11796875000000001 0.0595703125
1 0.44179687500000003 0.51904296875 0.11953125 0.0498046875
0 0.0578125 0.40234375 0.08750000000000001 0.046875
0 0.051953125 0.60986328125 0.08203125 0.0791015625
0 0.229296875 0.6064453125 0.08515625 0.048828125
0 0.23203125000000002 0.41357421875 0.0859375 0.0498046875
2 0.49765625 0.5234375 0.026562500000000003 0.291015625
