2 0.334765625 0.54150390625 0.29453125 0.0498046875
2 0.34882812500000004 0.40966796875 0.35390625000000003 0.0576171875
2 0.3203125 0.17138671875 0.2578125 0.0302734375
2 0.33710937500000004 0.31201171875 0.30546875 0.0419921875
1 0.310546875 0.35302734375 0.04296875 0.1201171875
1 0.323046875 0.53173828125 0.039843750000000004 0.1240234375
0 0.2328125 0.16650390625 0.0484375 0.0849609375
0 0.41953125 0.1484375 0.065625 0.072265625
0 0.44609375 0.2607421875 0.0578125 0.10546875
0 0.2328125 0.28271484375 0.060937500000000006 0.0986328125
