1 0.427734375 0.07763671875 0.03671875 0.1396484375
1 0.41523437500000004 0.29345703125 0.039843750000000004 0.1416015625
1 0.40703125 0.48681640625 0.0421875 0.1357421875
1 0.39375000000000004 0.68310546875 0.05 0.1591796875
1 0.38515625000000003 0.87109375 0.043750000000000004 0.166015625
2 0.44375000000000003 0.0478515625 0.26406250000000003 0.0234375
2 0.444140625 0.103515625 0.26171875 0.02734375
2 0.43398437500000003 0.27001953125 0.27421875 0.0361328125
2 0.43828125 0.32373046875 0.2703125 0.0400390625
2 0.42421875000000003 0.6533203125 0.27968750000000003 0.03125
2 0.41835937500000003 0.72021484375 0.28828125 0.0400390625
2 0.41250000000000003 0.89599609375 0.296875 0.0498046875
0 0.34375 0.18359375 0.0421875 0.087890625
0 0.5183593750000001 0.19921875 0.047656250000000004 0.09375
0 0.51015625 0.39501953125 0.05 0.0986328125
0 0.33710937500000004 0.3740234375 0.05078125 0.09375
0 0.32890625 0.5673828125 0.05 0.09765625
0 0.5027343750000001 0.5810546875 0.047656250000000004 0.119140625
0 0.49062500000000003 0.78857421875 0.053125000000000006 0.1044921875
0 0.30976562500000004 0.77734375 0.04609375 0.103515625
