2 0.403125 0.138671875 0.23593750000000002 0.03515625
2 0.40390625 0.1884765625 0.2484375 0.033203125
2 0.39570312500000004 0.34326171875 0.26796875000000003 0.0419921875
2 0.3953125 0.53515625 0.265625 0.037109375
2 0.39609375 0.78662109375 0.2890625 0.0458984375
0 0.3296875 0.05908203125 0.0578125 0.0986328125
0 0.48867187500000003 0.06005859375 0.07265625 0.0830078125
0 0.49140625000000004 0.2421875 0.0703125 0.1015625
0 0.31875000000000003 0.2412109375 0.07187500000000001 0.115234375
0 0.319140625 0.4423828125 0.049218750000000006 0.111328125
0 0.491015625 0.6591796875 0.06328125 0.111328125
0 0.31679687500000003 0.65478515625 0.06640625 0.1123046875
1 0.40742187500000004 0.130859375 0.03515625 0.103515625
1 0.39765625000000004 0.2978515625 0.043750000000000004 0.111328125
1 0.394140625 0.462890625 0.03828125 0.15234375
1 0.39453125 0.72119140625 0.05 0.1826171875
