1 0.431640625 0.0712890625 0.03671875 0.13671875
1 0.41718750000000004 0.2685546875 0.040625 0.125
1 0.40859375000000003 0.453125 0.0390625 0.154296875
1 0.39492187500000003 0.63671875 0.04609375 0.14453125
1 0.38828125 0.8232421875 0.05 0.13671875
0 0.51328125 0.17919921875 0.045312500000000006 0.0927734375
0 0.498828125 0.54638671875 0.049218750000000006 0.1162109375
0 0.33984375 0.357421875 0.0546875 0.09765625
0 0.48554687500000004 0.73974609375 0.057031250000000006 0.1123046875
0 0.31289062500000003 0.72216796875 0.05390625 0.1181640625
0 0.32929687500000004 0.53466796875 0.057031250000000006 0.0986328125
2 0.43671875000000004 0.24658203125 0.24375000000000002 0.0380859375
2 0.44609375 0.09423828125 0.2390625 0.0322265625
2 0.42812500000000003 0.0322265625 0.21875 0.029296875
2 0.42109375000000004 0.6142578125 0.26406250000000003 0.041015625
2 0.42031250000000003 0.6748046875 0.265625 0.041015625
2 0.403125 0.84375 0.27968750000000003 0.0625
2 0.43476562500000004 0.3017578125 0.25546875 0.041015625
1 0.38789062500000004 0.95361328125 0.04609375 0.0888671875
0 0.505078125 0.9296875 0.06171875 0.087890625
0 0.50625 0.36083984375 0.05 0.1220703125
