0 0.201953125 0.38525390625 0.09609375 0.0830078125
0 0.21015625000000002 0.58837890625 0.078125 0.0849609375
0 0.361328125 0.59814453125 0.09921875000000001 0.0908203125
0 0.35234375 0.37451171875 0.1046875 0.1044921875
0 0.5320312500000001 0.6064453125 0.1265625 0.08984375
1 0.21875 0.49072265625 0.14375000000000002 0.0537109375
1 0.35273437500000004 0.49658203125 0.11171875 0.0498046875
1 0.483984375 0.50390625 0.13203125000000002 0.052734375
1 0.665625 0.4951171875 0.1625 0.072265625
2 0.47734375 0.5029296875 0.0203125 0.212890625
2 0.43593750000000003 0.49755859375 0.029687500000000002 0.2587890625
2 0.32148437500000004 0.4638671875 0.014843750000000001 0.267578125
2 0.146484375 0.4873046875 0.022656250000000003 0.27734375
2 0.61640625 0.4853515625 0.0328125 0.34765625
2 0.669921875 0.48828125 0.02890625 0.30078125
