2 0.34609375000000003 0.34228515625 0.30781250000000004 0.0400390625
2 0.34765625 0.548828125 0.32343750000000004 0.03515625
2 0.331640625 0.7265625 0.24921875000000002 0.033203125
2 0.3328125 0.845703125 0.2671875 0.03515625
1 0.359375 0.1103515625 0.059375000000000004 0.1953125
1 0.353125 0.283203125 0.0671875 0.14453125
1 0.34375 0.46923828125 0.060937500000000006 0.1962890625
1 0.35195312500000003 0.728515625 0.057031250000000006 0.16796875
1 0.3484375 0.9462890625 0.051562500000000004 0.09375
0 0.25703125 0.18798828125 0.078125 0.1572265625
0 0.451953125 0.1826171875 0.07265625 0.115234375
0 0.44960937500000003 0.42138671875 0.06796875000000001 0.1357421875
0 0.240234375 0.42138671875 0.07578125000000001 0.1494140625
0 0.24765625000000002 0.64111328125 0.08125 0.1240234375
0 0.45546875000000003 0.64697265625 0.0734375 0.1376953125
0 0.46210937500000004 0.91845703125 0.07109375 0.1201171875
