0 0.091796875 0.4091796875 0.07578125000000001 0.06640625
0 0.1078125 0.6201171875 0.0671875 0.064453125
0 0.259375 0.6201171875 0.07500000000000001 0.07421875
0 0.259765625 0.38818359375 0.07734375 0.0751953125
1 0.05 0.50439453125 0.09843750000000001 0.0458984375
1 0.18046875 0.49365234375 0.11406250000000001 0.0458984375
1 0.3296875 0.494140625 0.1265625 0.05078125
1 0.46640625 0.49560546875 0.09062500000000001 0.0498046875
2 0.037109375 0.5087890625 0.025781250000000002 0.287109375
2 0.162109375 0.498046875 0.049218750000000006 0.322265625
2 0.2078125 0.49853515625 0.035937500000000004 0.3232421875
2 0.33710937500000004 0.48681640625 0.03828125 0.3291015625
2 0.403125 0.4853515625 0.018750000000000003 0.31640625
2 0.520703125 0.50732421875 0.047656250000000004 0.3232421875
