2 0.423828125 0.04638671875 0.24140625000000002 0.0283203125
2 0.40742187500000004 0.2041015625 0.28828125 0.060546875
2 0.39960937500000004 0.25634765625 0.23671875 0.0419921875
2 0.40156250000000004 0.423828125 0.2828125 0.056640625
2 0.39921875 0.50390625 0.26875 0.03515625
2 0.405859375 0.65234375 0.26796875000000003 0.060546875
1 0.405078125 0.06005859375 0.03671875 0.1123046875
1 0.40078125000000003 0.2294921875 0.0328125 0.15234375
1 0.39882812500000003 0.41015625 0.04296875 0.146484375
1 0.39882812500000003 0.58544921875 0.03671875 0.1279296875
0 0.32656250000000003 0.11572265625 0.05 0.0947265625
0 0.49726562500000004 0.12255859375 0.05390625 0.0927734375
0 0.496875 0.333984375 0.0578125 0.095703125
0 0.31093750000000003 0.32080078125 0.05625 0.0908203125
2 0.41953125 0.5869140625 0.3328125 0.048828125
