2 0.3609375 0.05224609375 0.25 0.0205078125
2 0.369921875 0.21337890625 0.25390625 0.0263671875
2 0.381640625 0.63330078125 0.25703125 0.0322265625
2 0.3765625 0.5712890625 0.278125 0.025390625
2 0.388671875 0.78955078125 0.27109375 0.0380859375
1 0.374609375 0.05224609375 0.03828125 0.0888671875
1 0.386328125 0.228515625 0.039843750000000004 0.130859375
1 0.3921875 0.4140625 0.037500000000000006 0.1328125
1 0.405859375 0.59326171875 0.04296875 0.1376953125
1 0.4078125 0.7646484375 0.043750000000000004 0.14453125
1 0.4109375 0.912109375 0.037500000000000006 0.12109375
0 0.290625 0.14208984375 0.043750000000000004 0.0888671875
0 0.44648437500000004 0.1328125 0.032031250000000004 0.087890625
0 0.451953125 0.32275390625 0.03515625 0.1025390625
0 0.460546875 0.49658203125 0.03671875 0.1064453125
0 0.480078125 0.6845703125 0.05078125 0.0859375
0 0.3125 0.6962890625 0.045312500000000006 0.0859375
