2 0.045312500000000006 0.50146484375 0.029687500000000002 0.3037109375
2 0.08867187500000001 0.50390625 0.02890625 0.30078125
2 0.21992187500000002 0.50146484375 0.03515625 0.3388671875
2 0.38359375 0.494140625 0.040625 0.333984375
2 0.431640625 0.50390625 0.02890625 0.322265625
2 0.57578125 0.50341796875 0.029687500000000002 0.3583984375
1 0.069140625 0.5048828125 0.09140625000000001 0.05859375
1 0.191796875 0.498046875 0.08828125 0.056640625
1 0.35195312500000003 0.48876953125 0.12421875 0.0556640625
1 0.5265625 0.49365234375 0.1390625 0.0654296875
1 0.6941406250000001 0.48095703125 0.10859375 0.0498046875
0 0.13593750000000002 0.3916015625 0.1046875 0.083984375
0 0.30000000000000004 0.39306640625 0.10312500000000001 0.0810546875
0 0.47265625 0.38623046875 0.09062500000000001 0.0673828125
0 0.666015625 0.37841796875 0.07890625000000001 0.0654296875
0 0.13828125 0.60791015625 0.1 0.0869140625
0 0.30312500000000003 0.59716796875 0.09375 0.0693359375
0 0.46953125 0.611328125 0.09062500000000001 0.08984375
0 0.666015625 0.60888671875 0.06953125 0.0908203125
