2 0.41054687500000003 0.1767578125 0.22421875000000002 0.033203125
2 0.408203125 0.2412109375 0.21640625000000002 0.02734375
2 0.40546875000000004 0.42138671875 0.23593750000000002 0.0322265625
1 0.409765625 0.15087890625 0.03515625 0.1103515625
1 0.40703125 0.34814453125 0.0390625 0.1572265625
1 0.40468750000000003 0.5595703125 0.040625 0.146484375
0 0.32578125 0.0595703125 0.060937500000000006 0.095703125
0 0.49843750000000003 0.06201171875 0.045312500000000006 0.0966796875
0 0.48750000000000004 0.29052734375 0.034375 0.1064453125
0 0.32929687500000004 0.287109375 0.032031250000000004 0.107421875
0 0.4859375 0.50341796875 0.034375 0.1083984375
0 0.328125 0.509765625 0.0421875 0.09765625
