1 0.385546875 0.5029296875 0.11015625000000001 0.060546875
2 0.501171875 0.51123046875 0.017968750000000002 0.2177734375
2 0.6328125 0.4912109375 0.03125 0.32421875
2 0.6898437500000001 0.50341796875 0.018750000000000003 0.2470703125
2 0.18710937500000002 0.50048828125 0.025781250000000002 0.2001953125
1 0.260546875 0.501953125 0.10859375 0.06640625
1 0.51015625 0.50732421875 0.11406250000000001 0.0673828125
1 0.6878906250000001 0.49658203125 0.12421875 0.0732421875
0 0.38710937500000003 0.60693359375 0.08671875000000001 0.0966796875
0 0.38125000000000003 0.392578125 0.09531250000000001 0.08984375
2 0.35546875 0.478515625 0.025 0.24609375
2 0.45937500000000003 0.48681640625 0.021875000000000002 0.3134765625
