1 0.40234375 0.48193359375 0.0484375 0.1376953125
2 0.408984375 0.62646484375 0.17421875 0.0224609375
2 0.39296875000000003 0.791015625 0.259375 0.0390625
2 0.40273437500000003 0.8623046875 0.19765625 0.0234375
2 0.400390625 0.23388671875 0.16015625 0.0322265625
1 0.40156250000000004 0.32568359375 0.053125000000000006 0.1357421875
1 0.405859375 0.6376953125 0.05390625 0.142578125
1 0.397265625 0.85986328125 0.05859375 0.1552734375
0 0.48554687500000004 0.48388671875 0.07734375 0.1083984375
0 0.3140625 0.4765625 0.07187500000000001 0.119140625
2 0.3828125 0.4443359375 0.19687500000000002 0.03125
2 0.389453125 0.57421875 0.25078125 0.02734375
