2 0.43359375 0.078125 0.22187500000000002 0.03125
2 0.43007812500000003 0.2177734375 0.24140625000000002 0.029296875
2 0.421484375 0.26318359375 0.23203125000000002 0.0263671875
2 0.41875 0.41015625 0.2421875 0.029296875
2 0.405859375 0.765625 0.27265625 0.03515625
2 0.39570312500000004 0.828125 0.25546875 0.041015625
1 0.4078125 0.2236328125 0.037500000000000006 0.123046875
1 0.401953125 0.41357421875 0.03359375 0.1259765625
1 0.397265625 0.6064453125 0.032031250000000004 0.15234375
1 0.384375 0.77685546875 0.0390625 0.1279296875
1 0.38203125000000004 0.93310546875 0.043750000000000004 0.1259765625
0 0.34609375000000003 0.12939453125 0.0421875 0.0830078125
0 0.49726562500000004 0.12890625 0.05234375 0.09375
0 0.491015625 0.33251953125 0.03828125 0.0791015625
0 0.33320312500000004 0.5029296875 0.04453125 0.091796875
0 0.30625 0.876953125 0.0484375 0.099609375
0 0.47695312500000003 0.890625 0.04453125 0.083984375
