2 0.041406250000000006 0.56298828125 0.021875000000000002 0.3134765625
2 0.08515625 0.56201171875 0.025 0.3173828125
2 0.21953125 0.55322265625 0.029687500000000002 0.3212890625
2 0.258984375 0.54638671875 0.03359375 0.3251953125
2 0.5242187500000001 0.53173828125 0.028125 0.3564453125
2 0.5765625 0.52880859375 0.035937500000000004 0.3623046875
2 0.7191406250000001 0.51416015625 0.04296875 0.3525390625
1 0.06171875 0.53955078125 0.10625000000000001 0.0556640625
1 0.23671875 0.5205078125 0.1078125 0.05078125
1 0.386328125 0.5126953125 0.11796875000000001 0.056640625
1 0.5398437500000001 0.494140625 0.1328125 0.060546875
1 0.6953125 0.484375 0.1375 0.0703125
0 0.158984375 0.64990234375 0.07265625 0.0576171875
0 0.311328125 0.4326171875 0.08671875000000001 0.052734375
0 0.31328125 0.63818359375 0.09062500000000001 0.0556640625
0 0.46601562500000004 0.6337890625 0.09765625 0.0625
0 0.45039062500000004 0.41845703125 0.08046875 0.0615234375
0 0.62109375 0.388671875 0.09062500000000001 0.072265625
0 0.63203125 0.61181640625 0.08281250000000001 0.0771484375
