0 0.29375 0.228515625 0.07500000000000001 0.11328125
0 0.251171875 0.44287109375 0.09140625000000001 0.1201171875
0 0.49140625000000004 0.46826171875 0.08750000000000001 0.1201171875
0 0.49726562500000004 0.25537109375 0.06953125 0.1162109375
2 0.39921875 0.15966796875 0.27187500000000003 0.0771484375
2 0.3796875 0.33740234375 0.3046875 0.0849609375
2 0.365234375 0.39990234375 0.32109375 0.0693359375
2 0.35781250000000003 0.58154296875 0.340625 0.0849609375
1 0.43085937500000004 0.0673828125 0.039843750000000004 0.115234375
1 0.405859375 0.21435546875 0.047656250000000004 0.1630859375
1 0.3828125 0.39453125 0.045312500000000006 0.181640625
1 0.36796875 0.54931640625 0.0546875 0.1357421875
