0 0.32539062500000004 0.111328125 0.05390625 0.091796875
0 0.49609375 0.12451171875 0.051562500000000004 0.0869140625
0 0.498046875 0.328125 0.05859375 0.095703125
0 0.30781250000000004 0.318359375 0.060937500000000006 0.09765625
2 0.40390625 0.1962890625 0.26875 0.060546875
2 0.39609375 0.2548828125 0.265625 0.04296875
2 0.40390625 0.4248046875 0.28750000000000003 0.046875
2 0.388671875 0.50048828125 0.27734375 0.0263671875
2 0.401171875 0.0419921875 0.21796875000000002 0.029296875
1 0.40234375 0.06396484375 0.043750000000000004 0.1259765625
1 0.39101562500000003 0.23486328125 0.049218750000000006 0.1630859375
1 0.39375000000000004 0.404296875 0.0421875 0.15234375
1 0.39609375 0.5830078125 0.0421875 0.115234375
2 0.397265625 0.65869140625 0.24140625000000002 0.0537109375
