0 0.35859375000000004 0.38623046875 0.10625000000000001 0.1025390625
0 0.35625 0.61767578125 0.10312500000000001 0.1005859375
2 0.148046875 0.51708984375 0.025781250000000002 0.2001953125
2 0.194140625 0.5048828125 0.017968750000000002 0.263671875
1 0.228515625 0.50634765625 0.12109375 0.0654296875
1 0.358203125 0.50830078125 0.11640625 0.0556640625
1 0.49765625 0.51708984375 0.1234375 0.0537109375
1 0.6761718750000001 0.50634765625 0.13515625 0.0595703125
2 0.483203125 0.521484375 0.01953125 0.234375
2 0.6234375000000001 0.49609375 0.03125 0.341796875
2 0.31093750000000003 0.47998046875 0.034375 0.3056640625
2 0.681640625 0.505859375 0.01171875 0.197265625
0 0.205078125 0.4052734375 0.08359375000000001 0.072265625
0 0.20625000000000002 0.5908203125 0.0765625 0.07421875
