0 0.4390625 0.13525390625 0.0734375 0.1455078125
0 0.43476562500000004 0.3662109375 0.07578125000000001 0.12890625
0 0.441015625 0.59033203125 0.07734375 0.1298828125
0 0.44062500000000004 0.85205078125 0.07968750000000001 0.1318359375
0 0.236328125 0.57470703125 0.07265625 0.1357421875
0 0.23007812500000002 0.35791015625 0.06171875 0.1572265625
1 0.34218750000000003 0.07568359375 0.051562500000000004 0.1357421875
1 0.34218750000000003 0.21484375 0.0546875 0.14453125
1 0.33203125 0.39990234375 0.0578125 0.1669921875
1 0.337890625 0.6484375 0.05390625 0.1875
1 0.340625 0.90576171875 0.060937500000000006 0.1591796875
2 0.338671875 0.49658203125 0.30859375 0.0400390625
2 0.342578125 0.6826171875 0.26953125 0.03125
2 0.327734375 0.7919921875 0.23828125 0.033203125
2 0.33515625000000004 0.29931640625 0.20468750000000002 0.0322265625
