2 0.041015625 0.55517578125 0.01953125 0.3193359375
2 0.0859375 0.56201171875 0.028125 0.3173828125
2 0.21250000000000002 0.5478515625 0.028125 0.33984375
2 0.259765625 0.54736328125 0.032031250000000004 0.3369140625
2 0.521484375 0.53173828125 0.02734375 0.3486328125
2 0.579296875 0.53125 0.03359375 0.357421875
2 0.71875 0.51708984375 0.0421875 0.3759765625
1 0.060937500000000006 0.54052734375 0.1078125 0.0537109375
1 0.23828125 0.5224609375 0.109375 0.056640625
1 0.390625 0.5107421875 0.12187500000000001 0.052734375
1 0.541015625 0.49365234375 0.13359375 0.0556640625
1 0.6941406250000001 0.4833984375 0.13828125 0.064453125
0 0.15000000000000002 0.4375 0.07187500000000001 0.056640625
0 0.158984375 0.65087890625 0.07265625 0.0615234375
0 0.31484375000000003 0.6396484375 0.1 0.052734375
0 0.304296875 0.4306640625 0.08671875000000001 0.048828125
0 0.45703125 0.42041015625 0.078125 0.0576171875
0 0.466796875 0.63427734375 0.09140625000000001 0.0673828125
0 0.61640625 0.39111328125 0.08125 0.0693359375
0 0.6273437500000001 0.61865234375 0.08281250000000001 0.0673828125
