2 0.14140625 0.505859375 0.025 0.271484375
2 0.19101562500000002 0.50927734375 0.02109375 0.2685546875
2 0.330078125 0.501953125 0.022656250000000003 0.283203125
1 0.11992187500000001 0.51416015625 0.09609375 0.0498046875
1 0.288671875 0.5068359375 0.12578125 0.0546875
1 0.44570312500000003 0.5048828125 0.12890625 0.0546875
0 0.050390625 0.40771484375 0.08046875 0.0712890625
0 0.052734375 0.61865234375 0.08046875 0.0498046875
0 0.230859375 0.611328125 0.08515625 0.046875
0 0.225390625 0.4052734375 0.08828125 0.056640625
0 0.39960937500000004 0.4033203125 0.07265625 0.046875
