2 0.2390625 0.4091796875 0.026562500000000003 0.2421875
2 0.394140625 0.40869140625 0.02890625 0.3642578125
2 0.5476562500000001 0.41015625 0.029687500000000002 0.3359375
2 0.6316406250000001 0.40625 0.025781250000000002 0.298828125
1 0.056640625 0.42578125 0.10234375000000001 0.068359375
1 0.17539062500000002 0.419921875 0.13203125000000002 0.068359375
1 0.32421875 0.41162109375 0.146875 0.0751953125
1 0.530859375 0.4189453125 0.13828125 0.072265625
1 0.7234375000000001 0.41845703125 0.12187500000000001 0.0751953125
0 0.4625 0.2890625 0.1046875 0.09765625
0 0.47265625 0.541015625 0.11093750000000001 0.091796875
0 0.683203125 0.548828125 0.09609375 0.095703125
0 0.1015625 0.54052734375 0.1078125 0.0771484375
0 0.110546875 0.3017578125 0.10546875 0.091796875
0 0.294140625 0.5400390625 0.10078125 0.08203125
0 0.28945312500000003 0.28271484375 0.10546875 0.0966796875
