2 0.033203125 0.5517578125 0.02421875 0.267578125
2 0.069140625 0.5537109375 0.02421875 0.28125
2 0.18671875000000002 0.5556640625 0.0234375 0.322265625
2 0.223046875 0.54443359375 0.017968750000000002 0.3037109375
2 0.346484375 0.54248046875 0.025781250000000002 0.3115234375
2 0.646484375 0.525390625 0.02890625 0.353515625
2 0.6980468750000001 0.501953125 0.032031250000000004 0.3203125
1 0.19257812500000002 0.5205078125 0.09140625000000001 0.044921875
1 0.357421875 0.513671875 0.11015625000000001 0.041015625
1 0.4921875 0.51025390625 0.0859375 0.0419921875
1 0.6488281250000001 0.4912109375 0.11171875 0.048828125
1 0.769140625 0.490234375 0.05859375 0.044921875
0 0.114453125 0.63134765625 0.07734375 0.0556640625
0 0.28359375000000003 0.63134765625 0.0703125 0.0537109375
0 0.42304687500000004 0.4306640625 0.06953125 0.046875
0 0.278125 0.43115234375 0.07500000000000001 0.0419921875
0 0.7367187500000001 0.39111328125 0.07500000000000001 0.0576171875
