2 0.040625 0.5576171875 0.028125 0.3359375
2 0.083203125 0.5625 0.030468750000000003 0.328125
2 0.21796875000000002 0.5556640625 0.034375 0.34765625
2 0.2578125 0.54638671875 0.037500000000000006 0.3427734375
2 0.523828125 0.53955078125 0.02890625 0.3408203125
2 0.571875 0.53369140625 0.03125 0.3291015625
2 0.7175781250000001 0.5224609375 0.041406250000000006 0.35546875
1 0.06640625 0.537109375 0.09531250000000001 0.052734375
1 0.233203125 0.51953125 0.10859375 0.046875
1 0.38984375000000004 0.50927734375 0.11406250000000001 0.0537109375
1 0.541015625 0.4931640625 0.11953125 0.060546875
1 0.6984375 0.482421875 0.1390625 0.068359375
0 0.15625 0.646484375 0.0734375 0.0546875
0 0.30625 0.423828125 0.08281250000000001 0.0625
0 0.3140625 0.634765625 0.09062500000000001 0.0625
0 0.46210937500000004 0.6298828125 0.09609375 0.06640625
0 0.4609375 0.4169921875 0.0625 0.056640625
0 0.6214843750000001 0.38671875 0.08203125 0.0625
0 0.6253906250000001 0.6162109375 0.08359375000000001 0.056640625
