2 0.40156250000000004 0.056640625 0.24375000000000002 0.03515625
2 0.40351562500000004 0.109375 0.25703125 0.03125
2 0.39296875000000003 0.27197265625 0.2703125 0.0361328125
2 0.392578125 0.47802734375 0.27109375 0.0458984375
2 0.39570312500000004 0.54296875 0.26796875000000003 0.033203125
2 0.3953125 0.71923828125 0.284375 0.0361328125
1 0.40273437500000003 0.080078125 0.047656250000000004 0.123046875
1 0.39882812500000003 0.24658203125 0.041406250000000006 0.1201171875
1 0.392578125 0.4384765625 0.04609375 0.142578125
1 0.398046875 0.66748046875 0.05234375 0.1767578125
1 0.386328125 0.87451171875 0.04296875 0.1318359375
0 0.314453125 0.17041015625 0.06328125 0.1162109375
0 0.31289062500000003 0.38037109375 0.06015625 0.1201171875
0 0.31093750000000003 0.5966796875 0.060937500000000006 0.099609375
0 0.30625 0.8359375 0.06875 0.111328125
0 0.484375 0.1787109375 0.065625 0.11328125
0 0.47695312500000003 0.37548828125 0.05859375 0.1142578125
0 0.49062500000000003 0.6005859375 0.0546875 0.107421875
0 0.49296875 0.82958984375 0.065625 0.0908203125
