2 0.444140625 0.05126953125 0.25546875 0.0244140625
2 0.44960937500000003 0.107421875 0.25390625 0.03515625
2 0.43828125 0.265625 0.27187500000000003 0.03515625
2 0.43789062500000003 0.32470703125 0.26953125 0.0400390625
2 0.425390625 0.65185546875 0.27890625 0.0341796875
2 0.42500000000000004 0.72412109375 0.2859375 0.0419921875
2 0.413671875 0.8984375 0.30078125 0.052734375
1 0.432421875 0.076171875 0.04296875 0.134765625
1 0.41796875 0.2978515625 0.045312500000000006 0.13671875
1 0.40859375000000003 0.48828125 0.0421875 0.15234375
1 0.39492187500000003 0.67626953125 0.04453125 0.1669921875
1 0.38671875 0.86767578125 0.051562500000000004 0.1728515625
0 0.35000000000000003 0.1875 0.045312500000000006 0.08984375
0 0.520703125 0.19873046875 0.049218750000000006 0.0908203125
0 0.51171875 0.3935546875 0.0421875 0.125
0 0.34453125 0.38037109375 0.0390625 0.1083984375
0 0.33632812500000003 0.5712890625 0.04609375 0.09765625
0 0.507421875 0.58349609375 0.05390625 0.1142578125
0 0.31289062500000003 0.7705078125 0.055468750000000004 0.1015625
0 0.494921875 0.7841796875 0.05390625 0.103515625
