1 0.4421875 0.09521484375 0.0421875 0.1376953125
1 0.421484375 0.26953125 0.04453125 0.11328125
1 0.415625 0.44775390625 0.0484375 0.1357421875
1 0.41484375 0.5869140625 0.037500000000000006 0.1171875
1 0.41835937500000003 0.70849609375 0.03671875 0.0986328125
0 0.5320312500000001 0.17626953125 0.046875 0.1142578125
0 0.369140625 0.15380859375 0.041406250000000006 0.0908203125
0 0.349609375 0.3447265625 0.057031250000000006 0.09765625
0 0.5144531250000001 0.3515625 0.055468750000000004 0.099609375
0 0.525390625 0.54150390625 0.06171875 0.0810546875
0 0.33359375 0.52490234375 0.053125000000000006 0.0927734375
2 0.45703125 0.1025390625 0.2109375 0.041015625
2 0.44960937500000003 0.2216796875 0.23359375000000002 0.037109375
2 0.45234375000000004 0.28857421875 0.2484375 0.0361328125
2 0.433203125 0.4462890625 0.27578125000000003 0.0546875
