0 0.240234375 0.4326171875 0.08359375000000001 0.10546875
0 0.23164062500000002 0.6630859375 0.07421875 0.09375
0 0.404296875 0.681640625 0.08984375 0.111328125
0 0.41953125 0.41943359375 0.08281250000000001 0.0947265625
0 0.58203125 0.7265625 0.09062500000000001 0.111328125
1 0.16328125000000002 0.544921875 0.134375 0.078125
1 0.323828125 0.5498046875 0.14296875 0.072265625
1 0.4703125 0.5556640625 0.1234375 0.07421875
1 0.599609375 0.5712890625 0.12265625000000001 0.07421875
2 0.18125000000000002 0.5390625 0.045312500000000006 0.396484375
2 0.29765625 0.56103515625 0.03125 0.4189453125
2 0.366015625 0.5634765625 0.039843750000000004 0.423828125
2 0.49609375 0.56689453125 0.05 0.4033203125
2 0.6628906250000001 0.58203125 0.03359375 0.287109375
