1 0.34414062500000003 0.09228515625 0.049218750000000006 0.1591796875
1 0.34296875000000004 0.2490234375 0.0484375 0.15625
1 0.33515625000000004 0.439453125 0.05625 0.177734375
1 0.33671875 0.69189453125 0.05625 0.1767578125
1 0.33242187500000003 0.89404296875 0.047656250000000004 0.1318359375
0 0.248828125 0.1474609375 0.06640625 0.126953125
0 0.43867187500000004 0.14306640625 0.07265625 0.1220703125
0 0.436328125 0.369140625 0.05859375 0.138671875
0 0.23828125 0.580078125 0.0671875 0.119140625
0 0.23671875 0.3642578125 0.0734375 0.140625
0 0.44062500000000004 0.58837890625 0.06406250000000001 0.1279296875
0 0.43867187500000004 0.8271484375 0.06953125 0.140625
2 0.32070312500000003 0.27978515625 0.26171875 0.0341796875
2 0.34375 0.0791015625 0.22968750000000002 0.0546875
2 0.337890625 0.47021484375 0.25859375 0.0205078125
2 0.3296875 0.94287109375 0.21406250000000002 0.0283203125
