1 0.342578125 0.1123046875 0.05859375 0.166015625
1 0.330859375 0.32666015625 0.06171875 0.1689453125
1 0.33828125000000003 0.587890625 0.060937500000000006 0.181640625
1 0.33710937500000004 0.84423828125 0.07109375 0.2041015625
2 0.33710937500000004 0.21435546875 0.21171875 0.0302734375
2 0.34765625 0.4169921875 0.28750000000000003 0.03515625
2 0.33710937500000004 0.61474609375 0.28515625 0.0400390625
2 0.345703125 0.7197265625 0.27734375 0.03125
0 0.4421875 0.28466796875 0.0703125 0.1337890625
0 0.236328125 0.50439453125 0.07734375 0.1298828125
0 0.444140625 0.513671875 0.07578125000000001 0.130859375
0 0.45039062500000004 0.783203125 0.08046875 0.126953125
