0 0.242578125 0.53857421875 0.08515625 0.1650390625
0 0.44375000000000003 0.318359375 0.09531250000000001 0.123046875
0 0.2484375 0.3154296875 0.08125 0.1328125
2 0.34414062500000003 0.3095703125 0.27265625 0.119140625
2 0.34921875 0.43505859375 0.290625 0.0419921875
2 0.34492187500000004 0.48388671875 0.28671875 0.0361328125
2 0.350390625 0.66943359375 0.30859375 0.0537109375
1 0.3375 0.2841796875 0.053125000000000006 0.14453125
1 0.34414062500000003 0.47802734375 0.04609375 0.1552734375
1 0.33984375 0.6953125 0.065625 0.171875
1 0.340625 0.876953125 0.06875 0.15625
