2 0.21992187500000002 0.4169921875 0.02734375 0.3515625
2 0.37265625 0.40673828125 0.0234375 0.3408203125
2 0.503515625 0.41357421875 0.01640625 0.2431640625
2 0.597265625 0.41259765625 0.022656250000000003 0.2763671875
2 0.7609375 0.42724609375 0.026562500000000003 0.2509765625
1 0.07265625 0.43408203125 0.1296875 0.0771484375
1 0.197265625 0.42919921875 0.10859375 0.0712890625
1 0.346484375 0.41748046875 0.15703125 0.0751953125
1 0.539453125 0.4208984375 0.14296875 0.0625
1 0.724609375 0.41796875 0.12578125 0.072265625
0 0.11640625 0.546875 0.11093750000000001 0.076171875
0 0.11406250000000001 0.3076171875 0.1046875 0.087890625
0 0.284375 0.291015625 0.1203125 0.076171875
0 0.287890625 0.541015625 0.11953125 0.083984375
0 0.468359375 0.5498046875 0.10078125 0.083984375
0 0.459765625 0.29443359375 0.09765625 0.0927734375
0 0.659765625 0.5546875 0.11484375000000001 0.103515625
