0 0.158203125 0.6474609375 0.07109375 0.056640625
0 0.14960937500000002 0.4345703125 0.06953125 0.048828125
0 0.30625 0.4306640625 0.07968750000000001 0.052734375
0 0.30976562500000004 0.63232421875 0.07734375 0.0498046875
0 0.465625 0.6318359375 0.08125 0.0625
0 0.45937500000000003 0.41748046875 0.0734375 0.0576171875
0 0.6097656250000001 0.3916015625 0.08515625 0.056640625
0 0.626171875 0.6162109375 0.07890625000000001 0.056640625
1 0.060937500000000006 0.5380859375 0.1078125 0.048828125
1 0.23203125000000002 0.52392578125 0.1234375 0.0458984375
1 0.3875 0.50927734375 0.11406250000000001 0.0517578125
1 0.5453125 0.49462890625 0.1234375 0.0576171875
1 0.69296875 0.484375 0.14375000000000002 0.064453125
2 0.040625 0.54833984375 0.0171875 0.3173828125
2 0.083984375 0.55224609375 0.02421875 0.3173828125
2 0.2171875 0.54736328125 0.028125 0.3310546875
2 0.258984375 0.54833984375 0.02421875 0.3310546875
2 0.5234375 0.53466796875 0.029687500000000002 0.3427734375
2 0.57265625 0.52490234375 0.0328125 0.3505859375
2 0.7109375 0.5234375 0.029687500000000002 0.37109375
