0 0.087890625 0.6591796875 0.07734375 0.044921875
0 0.24960937500000002 0.6376953125 0.07421875 0.060546875
0 0.2625 0.857421875 0.0703125 0.07421875
0 0.427734375 0.861328125 0.07421875 0.0703125
0 0.416015625 0.62158203125 0.06484375 0.0693359375
0 0.739453125 0.623046875 0.06328125 0.05078125
2 0.12265625000000001 0.74951171875 0.0234375 0.1923828125
2 0.198046875 0.7587890625 0.02734375 0.234375
2 0.318359375 0.751953125 0.03828125 0.318359375
2 0.366796875 0.73681640625 0.03515625 0.2548828125
2 0.49726562500000004 0.73974609375 0.03828125 0.3076171875
2 0.5625 0.75341796875 0.026562500000000003 0.2939453125
2 0.663671875 0.73388671875 0.032031250000000004 0.2021484375
1 0.16718750000000002 0.72705078125 0.14375000000000002 0.0537109375
1 0.33242187500000003 0.7197265625 0.13359375 0.05078125
1 0.4765625 0.72216796875 0.11875000000000001 0.0458984375
1 0.624609375 0.72119140625 0.10703125000000001 0.0498046875
2 0.710546875 0.72021484375 0.02421875 0.1533203125
