1 0.42617187500000003 0.0478515625 0.02890625 0.091796875
1 0.41523437500000004 0.2392578125 0.030468750000000003 0.12109375
1 0.4078125 0.44140625 0.0328125 0.130859375
1 0.405078125 0.63134765625 0.032031250000000004 0.1572265625
1 0.390625 0.8125 0.046875 0.1484375
1 0.38828125 0.95849609375 0.0421875 0.0830078125
2 0.43046875 0.04248046875 0.21406250000000002 0.0263671875
2 0.440234375 0.08837890625 0.22578125000000002 0.0302734375
2 0.436328125 0.234375 0.25546875 0.021484375
2 0.429296875 0.279296875 0.24765625000000002 0.0234375
2 0.42812500000000003 0.43017578125 0.2484375 0.0283203125
2 0.41445312500000003 0.80517578125 0.29140625000000003 0.0419921875
2 0.389453125 0.87060546875 0.23984375000000002 0.0458984375
0 0.35273437500000004 0.13232421875 0.05390625 0.1064453125
0 0.503125 0.13525390625 0.053125000000000006 0.0986328125
0 0.501171875 0.35205078125 0.041406250000000006 0.0849609375
0 0.33906250000000004 0.34423828125 0.0328125 0.0908203125
0 0.33632812500000003 0.53076171875 0.041406250000000006 0.0947265625
0 0.31015625 0.9140625 0.0484375 0.111328125
