2 0.34609375000000003 0.361328125 0.27968750000000003 0.041015625
2 0.351171875 0.56982421875 0.33046875000000003 0.0322265625
2 0.345703125 0.75341796875 0.24453125 0.0322265625
2 0.34414062500000003 0.87158203125 0.24296875 0.0380859375
0 0.26484375 0.2109375 0.07187500000000001 0.16015625
0 0.453125 0.21728515625 0.0734375 0.1337890625
0 0.46132812500000003 0.43896484375 0.07265625 0.1337890625
0 0.248046875 0.44091796875 0.08515625 0.1416015625
0 0.255859375 0.66015625 0.07890625000000001 0.140625
0 0.46015625000000004 0.66796875 0.06875 0.13671875
1 0.36562500000000003 0.13037109375 0.051562500000000004 0.1865234375
1 0.35859375000000004 0.30078125 0.060937500000000006 0.1484375
1 0.35390625000000003 0.4921875 0.059375000000000004 0.1796875
1 0.35625 0.75634765625 0.05625 0.1904296875
