1 0.35468750000000004 0.12109375 0.05 0.203125
1 0.3515625 0.3095703125 0.05 0.173828125
1 0.347265625 0.47900390625 0.05078125 0.1708984375
1 0.35234375 0.7314453125 0.053125000000000006 0.185546875
0 0.25703125 0.19921875 0.0734375 0.134765625
0 0.452734375 0.42529296875 0.06796875000000001 0.1416015625
0 0.24375000000000002 0.4228515625 0.08281250000000001 0.146484375
0 0.25039062500000003 0.6376953125 0.07890625000000001 0.13671875
0 0.45937500000000003 0.65087890625 0.0625 0.1357421875
0 0.46210937500000004 0.9140625 0.07109375 0.13671875
2 0.34375 0.3427734375 0.29375 0.02734375
2 0.34492187500000004 0.54833984375 0.33046875000000003 0.0341796875
2 0.32578125 0.71923828125 0.22968750000000002 0.0205078125
2 0.322265625 0.83984375 0.23828125 0.025390625
0 0.451953125 0.1865234375 0.06171875 0.134765625
