2 0.0625 0.5419921875 0.025 0.27734375
2 0.17421875 0.53759765625 0.0234375 0.3017578125
2 0.21054687500000002 0.52685546875 0.02109375 0.2900390625
2 0.328125 0.5234375 0.0234375 0.302734375
2 0.6125 0.50732421875 0.028125 0.3408203125
2 0.6625000000000001 0.49462890625 0.0328125 0.3193359375
1 0.17890625000000002 0.509765625 0.09843750000000001 0.046875
1 0.330859375 0.50244140625 0.10078125 0.0419921875
1 0.48515625 0.49658203125 0.12187500000000001 0.0400390625
1 0.6214843750000001 0.48046875 0.10234375000000001 0.048828125
1 0.7464843750000001 0.4775390625 0.10078125 0.0546875
0 0.103515625 0.4326171875 0.06640625 0.052734375
0 0.10312500000000001 0.62158203125 0.07500000000000001 0.0654296875
0 0.26601562500000003 0.61376953125 0.06328125 0.0478515625
0 0.40234375 0.41650390625 0.0734375 0.0556640625
0 0.7015625000000001 0.3828125 0.07968750000000001 0.060546875
0 0.7125 0.59619140625 0.0671875 0.0556640625
