1 0.057031250000000006 0.505859375 0.109375 0.044921875
1 0.20820312500000002 0.4814453125 0.14921875 0.05078125
1 0.36367187500000003 0.46728515625 0.10390625 0.0478515625
1 0.482421875 0.4638671875 0.09921875000000001 0.056640625
0 0.10078125 0.39404296875 0.08281250000000001 0.0654296875
0 0.122265625 0.60791015625 0.07890625000000001 0.0576171875
0 0.29296875 0.5888671875 0.078125 0.064453125
0 0.441015625 0.57958984375 0.06796875000000001 0.0693359375
0 0.582421875 0.58740234375 0.07265625 0.0673828125
0 0.2734375 0.3515625 0.0734375 0.0703125
0 0.43085937500000004 0.3115234375 0.07578125000000001 0.08203125
0 0.58984375 0.29052734375 0.0859375 0.0771484375
2 0.176171875 0.47705078125 0.057031250000000006 0.3486328125
2 0.233203125 0.462890625 0.04296875 0.33984375
2 0.376953125 0.4404296875 0.049218750000000006 0.375
2 0.0421875 0.51708984375 0.037500000000000006 0.2783203125
2 0.573828125 0.43408203125 0.04296875 0.2236328125
