2 0.44609375 0.0498046875 0.259375 0.029296875
2 0.443359375 0.10546875 0.26171875 0.029296875
2 0.4375 0.27099609375 0.265625 0.0361328125
2 0.433203125 0.32177734375 0.26953125 0.0400390625
2 0.42812500000000003 0.65673828125 0.28125 0.0419921875
2 0.41015625 0.716796875 0.27968750000000003 0.04296875
2 0.409765625 0.89208984375 0.29765625 0.0517578125
1 0.42812500000000003 0.07861328125 0.037500000000000006 0.1396484375
1 0.41250000000000003 0.29833984375 0.040625 0.1376953125
1 0.40625 0.48779296875 0.043750000000000004 0.1494140625
1 0.390234375 0.68408203125 0.05078125 0.1455078125
1 0.38125000000000003 0.8681640625 0.0546875 0.17578125
0 0.345703125 0.18359375 0.049218750000000006 0.09765625
0 0.515625 0.197265625 0.05 0.095703125
0 0.50234375 0.3955078125 0.0484375 0.091796875
0 0.500390625 0.57958984375 0.05078125 0.1123046875
0 0.33671875 0.3837890625 0.0484375 0.111328125
0 0.3296875 0.56591796875 0.043750000000000004 0.0966796875
0 0.30976562500000004 0.76953125 0.05078125 0.11328125
0 0.487890625 0.783203125 0.05390625 0.109375
