2 0.397265625 0.12939453125 0.25234375000000003 0.0439453125
2 0.39882812500000003 0.1875 0.26171875 0.02734375
2 0.39296875000000003 0.34912109375 0.2765625 0.0361328125
2 0.396484375 0.55126953125 0.28671875 0.0380859375
2 0.39921875 0.8056640625 0.2890625 0.044921875
1 0.403125 0.130859375 0.043750000000000004 0.119140625
1 0.39492187500000003 0.29736328125 0.049218750000000006 0.1181640625
1 0.389453125 0.4921875 0.041406250000000006 0.169921875
1 0.39101562500000003 0.7236328125 0.049218750000000006 0.19140625
0 0.32109375 0.05712890625 0.060937500000000006 0.0888671875
0 0.478125 0.0556640625 0.059375000000000004 0.08203125
0 0.48750000000000004 0.2421875 0.0671875 0.099609375
0 0.312109375 0.24169921875 0.06328125 0.1083984375
0 0.31796875 0.4501953125 0.0578125 0.09765625
0 0.30859375 0.669921875 0.0578125 0.09765625
0 0.490234375 0.671875 0.06640625 0.1015625
