2 0.137109375 0.4736328125 0.017968750000000002 0.28515625
2 0.16914062500000002 0.47314453125 0.01640625 0.2646484375
2 0.27773437500000003 0.478515625 0.02109375 0.2890625
2 0.033984375000000004 0.466796875 0.02109375 0.26171875
2 0.5375 0.4814453125 0.0234375 0.29296875
2 0.579296875 0.50146484375 0.02734375 0.3095703125
2 0.696484375 0.52294921875 0.03359375 0.3291015625
1 0.143359375 0.49267578125 0.08984375 0.0439453125
1 0.27968750000000003 0.5 0.08125 0.04296875
1 0.555078125 0.52294921875 0.11640625 0.0576171875
1 0.6781250000000001 0.529296875 0.115625 0.05859375
0 0.068359375 0.56494140625 0.07890625000000001 0.0576171875
0 0.066796875 0.39013671875 0.07734375 0.0615234375
0 0.21992187500000002 0.39111328125 0.07265625 0.0634765625
0 0.217578125 0.57177734375 0.06171875 0.0478515625
0 0.61484375 0.60693359375 0.06875 0.0595703125
0 0.6218750000000001 0.41748046875 0.07187500000000001 0.0576171875
1 0.7683593750000001 0.53125 0.05859375 0.044921875
