1 0.08984375 0.42822265625 0.1328125 0.0732421875
1 0.261328125 0.41357421875 0.13515625 0.0771484375
1 0.4703125 0.4228515625 0.1453125 0.076171875
1 0.675390625 0.42138671875 0.16328125000000002 0.0888671875
2 0.17148437500000002 0.42138671875 0.02421875 0.2646484375
2 0.33359375 0.4345703125 0.028125 0.359375
2 0.491796875 0.42138671875 0.032031250000000004 0.3564453125
2 0.57578125 0.43212890625 0.025 0.3466796875
0 0.22773437500000002 0.552734375 0.10703125000000001 0.087890625
0 0.40351562500000004 0.29541015625 0.10390625 0.0966796875
0 0.4109375 0.55517578125 0.1046875 0.0947265625
0 0.6265625 0.56298828125 0.1015625 0.1005859375
