0 0.30898437500000003 0.4482421875 0.08203125 0.1328125
0 0.494140625 0.4453125 0.08046875 0.12890625
2 0.413671875 0.18505859375 0.16015625 0.0322265625
2 0.40390625 0.24267578125 0.2109375 0.0224609375
1 0.405078125 0.28564453125 0.05234375 0.1513671875
1 0.40664062500000003 0.44775390625 0.04453125 0.1455078125
1 0.413671875 0.6220703125 0.04296875 0.154296875
1 0.405078125 0.84521484375 0.047656250000000004 0.1689453125
2 0.41718750000000004 0.60400390625 0.1875 0.0244140625
2 0.39687500000000003 0.779296875 0.2734375 0.0390625
2 0.38398437500000004 0.388671875 0.24453125 0.04296875
2 0.40468750000000003 0.85205078125 0.15781250000000002 0.0146484375
0 0.32421875 0.25634765625 0.0578125 0.1044921875
0 0.47265625 0.2578125 0.059375000000000004 0.095703125
