2 0.393359375 0.18798828125 0.18984375 0.0380859375
2 0.393359375 0.37548828125 0.20546875 0.0283203125
2 0.373046875 0.4052734375 0.21015625000000002 0.021484375
2 0.40351562500000004 0.55322265625 0.18671875000000002 0.0322265625
2 0.39882812500000003 0.60205078125 0.17890625000000002 0.0224609375
2 0.377734375 0.77294921875 0.24609375 0.0400390625
2 0.404296875 0.85107421875 0.16953125000000002 0.0244140625
1 0.38984375000000004 0.28173828125 0.051562500000000004 0.1455078125
1 0.39687500000000003 0.44921875 0.0484375 0.138671875
1 0.3984375 0.6201171875 0.0484375 0.17578125
1 0.39570312500000004 0.8349609375 0.049218750000000006 0.224609375
0 0.31015625 0.25048828125 0.0703125 0.1259765625
0 0.4609375 0.25390625 0.05625 0.125
0 0.474609375 0.45556640625 0.07109375 0.1240234375
0 0.48515625 0.6650390625 0.07968750000000001 0.1484375
0 0.30117187500000003 0.44287109375 0.08203125 0.1376953125
