2 0.38359375 0.1845703125 0.203125 0.029296875
2 0.393359375 0.390625 0.22109375 0.044921875
2 0.40546875000000004 0.59765625 0.1921875 0.03125
2 0.388671875 0.7763671875 0.26015625000000003 0.0390625
2 0.388671875 0.5478515625 0.21328125 0.03125
2 0.3796875 0.83984375 0.21406250000000002 0.025390625
1 0.397265625 0.26416015625 0.04609375 0.1455078125
1 0.39765625000000004 0.435546875 0.05 0.130859375
1 0.403125 0.58642578125 0.045312500000000006 0.1474609375
1 0.398046875 0.8359375 0.057031250000000006 0.177734375
0 0.306640625 0.26318359375 0.07265625 0.1025390625
0 0.465625 0.2646484375 0.059375000000000004 0.095703125
0 0.30234375 0.45166015625 0.07187500000000001 0.1123046875
0 0.47187500000000004 0.4521484375 0.059375000000000004 0.1015625
