1 0.35664062500000004 0.12744140625 0.049218750000000006 0.1923828125
1 0.35273437500000004 0.30712890625 0.05078125 0.1767578125
1 0.34375 0.49072265625 0.06406250000000001 0.1611328125
1 0.353125 0.74609375 0.0546875 0.185546875
2 0.34687500000000004 0.3583984375 0.28750000000000003 0.037109375
2 0.34375 0.5751953125 0.3375 0.029296875
2 0.335546875 0.75732421875 0.26953125 0.0283203125
2 0.34023437500000003 0.87109375 0.26796875000000003 0.029296875
0 0.2609375 0.20458984375 0.08125 0.1318359375
0 0.452734375 0.21484375 0.06796875000000001 0.12109375
0 0.24570312500000002 0.43994140625 0.08515625 0.1494140625
0 0.45234375000000004 0.43408203125 0.07187500000000001 0.1455078125
0 0.456640625 0.66748046875 0.07734375 0.1494140625
0 0.2484375 0.66357421875 0.0859375 0.1259765625
