2 0.42734375 0.19287109375 0.275 0.0888671875
2 0.41328125000000004 0.25537109375 0.2609375 0.0732421875
2 0.39140625 0.44091796875 0.296875 0.0810546875
2 0.37109375 0.677734375 0.18125000000000002 0.041015625
0 0.357421875 0.087890625 0.055468750000000004 0.09765625
0 0.529296875 0.12255859375 0.057031250000000006 0.1064453125
0 0.503125 0.33251953125 0.053125000000000006 0.0947265625
0 0.312109375 0.306640625 0.057031250000000006 0.09375
0 0.276171875 0.50537109375 0.06640625 0.1025390625
0 0.491796875 0.51904296875 0.05859375 0.0908203125
0 0.48554687500000004 0.701171875 0.05234375 0.099609375
0 0.25078125 0.69580078125 0.051562500000000004 0.0927734375
1 0.38984375000000004 0.5751953125 0.040625 0.130859375
1 0.401953125 0.40966796875 0.039843750000000004 0.1474609375
1 0.417578125 0.2275390625 0.04453125 0.1875
1 0.43593750000000003 0.0654296875 0.045312500000000006 0.115234375
