2 0.11093750000000001 0.50390625 0.028125 0.294921875
2 0.15078125 0.5048828125 0.026562500000000003 0.310546875
2 0.274609375 0.49462890625 0.03359375 0.3349609375
2 0.42812500000000003 0.494140625 0.029687500000000002 0.33203125
2 0.6292968750000001 0.4951171875 0.03671875 0.361328125
0 0.047265625000000006 0.412109375 0.07890625000000001 0.072265625
0 0.048046875 0.61083984375 0.06640625 0.0908203125
0 0.19375 0.6142578125 0.08125 0.087890625
0 0.19296875000000002 0.3984375 0.0921875 0.08984375
0 0.35390625000000003 0.39892578125 0.0890625 0.0615234375
0 0.52734375 0.61376953125 0.0890625 0.0791015625
0 0.523828125 0.39599609375 0.08984375 0.0830078125
1 0.1046875 0.50927734375 0.08281250000000001 0.0439453125
1 0.23828125 0.4970703125 0.0890625 0.0546875
1 0.37031250000000004 0.49267578125 0.12187500000000001 0.0478515625
1 0.5769531250000001 0.4931640625 0.14609375 0.0625
