0 0.23789062500000002 0.50537109375 0.06484375 0.1337890625
0 0.44453125000000004 0.5166015625 0.060937500000000006 0.1328125
0 0.45078125 0.7734375 0.0703125 0.1171875
0 0.4453125 0.2890625 0.0734375 0.130859375
0 0.23203125000000002 0.27392578125 0.0734375 0.1591796875
1 0.34140625 0.140625 0.0546875 0.20703125
1 0.335546875 0.32470703125 0.057031250000000006 0.1650390625
1 0.338671875 0.5859375 0.05859375 0.177734375
1 0.34414062500000003 0.828125 0.05390625 0.15625
2 0.33320312500000004 0.20458984375 0.22421875000000002 0.0302734375
2 0.33515625000000004 0.41748046875 0.328125 0.0283203125
2 0.3328125 0.60400390625 0.240625 0.0283203125
2 0.32070312500000003 0.71240234375 0.19921875 0.0263671875
