1 0.4109375 0.1435546875 0.043750000000000004 0.109375
1 0.40234375 0.298828125 0.040625 0.119140625
1 0.40234375 0.48828125 0.043750000000000004 0.169921875
1 0.40234375 0.70654296875 0.0484375 0.1787109375
0 0.33203125 0.05908203125 0.053125000000000006 0.0927734375
0 0.496875 0.068359375 0.059375000000000004 0.08984375
0 0.490234375 0.240234375 0.06015625 0.111328125
0 0.48281250000000003 0.43310546875 0.0578125 0.0947265625
0 0.49296875 0.6572265625 0.065625 0.1015625
0 0.494921875 0.88525390625 0.06640625 0.1083984375
0 0.31757812500000004 0.65283203125 0.06796875000000001 0.0986328125
0 0.32343750000000004 0.44189453125 0.045312500000000006 0.1083984375
0 0.325 0.24267578125 0.0484375 0.1083984375
2 0.41171875 0.1455078125 0.246875 0.033203125
2 0.41250000000000003 0.18798828125 0.2578125 0.0224609375
2 0.40156250000000004 0.34716796875 0.2703125 0.0361328125
2 0.409765625 0.5390625 0.27109375 0.04296875
2 0.4109375 0.78759765625 0.275 0.0498046875
