2 0.401171875 0.056640625 0.24296875 0.037109375
2 0.403125 0.11083984375 0.240625 0.0361328125
2 0.401171875 0.27490234375 0.27109375 0.0439453125
2 0.3953125 0.4794921875 0.2671875 0.05078125
2 0.403125 0.53955078125 0.2578125 0.0361328125
2 0.40273437500000003 0.7197265625 0.28671875 0.037109375
1 0.40390625 0.08642578125 0.046875 0.1142578125
1 0.3984375 0.23974609375 0.045312500000000006 0.1103515625
1 0.39101562500000003 0.43994140625 0.04453125 0.1552734375
1 0.39492187500000003 0.658203125 0.05234375 0.173828125
1 0.384765625 0.86767578125 0.039843750000000004 0.1357421875
0 0.31328125 0.169921875 0.0671875 0.130859375
0 0.314453125 0.375 0.06484375 0.12890625
0 0.30898437500000003 0.5908203125 0.05390625 0.11328125
0 0.302734375 0.83251953125 0.05234375 0.0986328125
0 0.486328125 0.1728515625 0.06953125 0.125
0 0.47773437500000004 0.37890625 0.055468750000000004 0.1171875
0 0.4890625 0.5869140625 0.07187500000000001 0.11328125
0 0.487109375 0.83251953125 0.07265625 0.0869140625
