2 0.39570312500000004 0.130859375 0.24921875000000002 0.041015625
2 0.3953125 0.18359375 0.2609375 0.03515625
2 0.38789062500000004 0.3525390625 0.26953125 0.0390625
2 0.38789062500000004 0.55224609375 0.27890625 0.0400390625
2 0.390625 0.625 0.2609375 0.03515625
2 0.390234375 0.8046875 0.28359375000000003 0.0546875
1 0.392578125 0.29443359375 0.04609375 0.1201171875
1 0.3828125 0.47705078125 0.0484375 0.1396484375
1 0.38710937500000003 0.724609375 0.047656250000000004 0.189453125
1 0.3765625 0.92431640625 0.0546875 0.1474609375
0 0.307421875 0.244140625 0.055468750000000004 0.10546875
0 0.47773437500000004 0.2470703125 0.06953125 0.10546875
0 0.30859375 0.4521484375 0.045312500000000006 0.1015625
0 0.3015625 0.6728515625 0.059375000000000004 0.087890625
0 0.48164062500000004 0.67431640625 0.06171875 0.0908203125
0 0.478125 0.05859375 0.059375000000000004 0.08984375
