2 0.055859375 0.55615234375 0.030468750000000003 0.3193359375
2 0.18359375 0.5458984375 0.028125 0.318359375
2 0.22226562500000002 0.541015625 0.030468750000000003 0.32421875
2 0.46132812500000003 0.52978515625 0.030468750000000003 0.3212890625
2 0.5105468750000001 0.52734375 0.030468750000000003 0.3203125
2 0.637890625 0.50927734375 0.049218750000000006 0.3408203125
1 0.044921875 0.53271484375 0.08203125 0.0517578125
1 0.20429687500000002 0.517578125 0.08828125 0.0546875
1 0.34453125 0.50634765625 0.10312500000000001 0.0498046875
1 0.494140625 0.48828125 0.12734375 0.06640625
1 0.6214843750000001 0.48193359375 0.11953125 0.0634765625
0 0.126953125 0.63720703125 0.057031250000000006 0.0576171875
0 0.412109375 0.61279296875 0.07734375 0.0576171875
0 0.39570312500000004 0.42236328125 0.07109375 0.0634765625
0 0.5476562500000001 0.3916015625 0.084375 0.060546875
0 0.5625 0.6064453125 0.07500000000000001 0.068359375
0 0.2734375 0.62890625 0.0625 0.05859375
0 0.705078125 0.623046875 0.07109375 0.0859375
0 0.6984375 0.38134765625 0.0734375 0.0634765625
1 0.7386718750000001 0.48486328125 0.09765625 0.0478515625
