1 0.057031250000000006 0.53955078125 0.109375 0.0458984375
1 0.21484375 0.521484375 0.1 0.05078125
1 0.36250000000000004 0.5107421875 0.1234375 0.048828125
1 0.509375 0.49365234375 0.115625 0.0576171875
1 0.6585937500000001 0.4853515625 0.109375 0.0625
0 0.143359375 0.6416015625 0.07421875 0.056640625
0 0.437109375 0.62353515625 0.09296875 0.0615234375
0 0.2859375 0.4248046875 0.078125 0.068359375
0 0.591796875 0.60693359375 0.08984375 0.0712890625
0 0.577734375 0.39111328125 0.09453125000000001 0.0673828125
0 0.427734375 0.41162109375 0.07890625000000001 0.0712890625
2 0.197265625 0.5458984375 0.030468750000000003 0.3046875
2 0.075390625 0.5576171875 0.025781250000000002 0.298828125
2 0.025781250000000002 0.53515625 0.0234375 0.2734375
2 0.49140625000000004 0.5263671875 0.0328125 0.330078125
2 0.5398437500000001 0.525390625 0.0328125 0.33203125
2 0.675 0.50390625 0.05 0.349609375
2 0.24140625000000002 0.54345703125 0.0328125 0.3193359375
1 0.762890625 0.48486328125 0.07109375 0.0576171875
0 0.74375 0.63134765625 0.0703125 0.0771484375
0 0.288671875 0.6328125 0.09765625 0.0625
