2 0.3453125 0.26708984375 0.26406250000000003 0.0439453125
2 0.34882812500000004 0.42529296875 0.28359375000000003 0.0400390625
2 0.36015625 0.470703125 0.275 0.025390625
2 0.354296875 0.6552734375 0.32578125 0.048828125
1 0.35390625000000003 0.1220703125 0.05 0.15234375
1 0.35390625000000003 0.29541015625 0.053125000000000006 0.1376953125
1 0.35664062500000004 0.49169921875 0.049218750000000006 0.1728515625
1 0.35546875 0.70947265625 0.0625 0.1845703125
1 0.35078125000000004 0.87548828125 0.059375000000000004 0.1455078125
0 0.259765625 0.31591796875 0.08203125 0.1240234375
0 0.444921875 0.30517578125 0.08671875000000001 0.1357421875
0 0.458984375 0.54296875 0.09140625000000001 0.15234375
0 0.26171875 0.5380859375 0.084375 0.12890625
