0 0.3796875 0.06591796875 0.0671875 0.1123046875
0 0.35078125000000004 0.29052734375 0.0625 0.1044921875
0 0.36367187500000003 0.5009765625 0.06953125 0.0859375
0 0.347265625 0.66259765625 0.07265625 0.0966796875
0 0.5886718750000001 0.6630859375 0.06953125 0.107421875
0 0.578125 0.47900390625 0.0625 0.0966796875
0 0.543359375 0.27978515625 0.057031250000000006 0.0830078125
1 0.47890625000000003 0.16943359375 0.043750000000000004 0.1357421875
1 0.474609375 0.38232421875 0.049218750000000006 0.1533203125
1 0.48554687500000004 0.55126953125 0.06328125 0.1552734375
1 0.482421875 0.72216796875 0.047656250000000004 0.1513671875
2 0.45234375000000004 0.17138671875 0.33125000000000004 0.0673828125
2 0.45546875000000003 0.2294921875 0.34375 0.046875
2 0.46132812500000003 0.39794921875 0.36015625 0.0439453125
2 0.47187500000000004 0.4306640625 0.34375 0.056640625
2 0.47109375000000003 0.6103515625 0.36562500000000003 0.056640625
2 0.460546875 0.802734375 0.35546875 0.05859375
