2 0.40546875000000004 0.17724609375 0.2234375 0.0283203125
2 0.39882812500000003 0.2412109375 0.21171875 0.033203125
2 0.400390625 0.41552734375 0.23828125 0.0283203125
1 0.40546875000000004 0.15966796875 0.0421875 0.1298828125
1 0.40078125000000003 0.3564453125 0.043750000000000004 0.1640625
1 0.39609375 0.5673828125 0.0390625 0.1484375
0 0.32109375 0.06396484375 0.0546875 0.0986328125
0 0.49140625000000004 0.0625 0.045312500000000006 0.10546875
0 0.48046875 0.28564453125 0.035937500000000004 0.0947265625
0 0.321875 0.28759765625 0.034375 0.1142578125
0 0.32070312500000003 0.5048828125 0.03828125 0.08203125
0 0.47968750000000004 0.50439453125 0.037500000000000006 0.0927734375
