2 0.40546875000000004 0.04150390625 0.19843750000000002 0.0263671875
2 0.39375000000000004 0.19775390625 0.2265625 0.0556640625
2 0.3921875 0.25732421875 0.2515625 0.0439453125
2 0.39492187500000003 0.42236328125 0.26640625 0.0458984375
2 0.38828125 0.505859375 0.259375 0.029296875
2 0.40078125000000003 0.65087890625 0.25 0.0595703125
2 0.41054687500000003 0.5830078125 0.31171875000000004 0.048828125
1 0.40546875000000004 0.05712890625 0.043750000000000004 0.1103515625
1 0.392578125 0.2236328125 0.04453125 0.1640625
1 0.39765625000000004 0.40869140625 0.0328125 0.1513671875
1 0.39492187500000003 0.5810546875 0.03515625 0.1328125
0 0.495703125 0.11962890625 0.049218750000000006 0.0908203125
0 0.32148437500000004 0.1201171875 0.05859375 0.0859375
0 0.30585937500000004 0.31005859375 0.06796875000000001 0.1123046875
