0 0.17734375000000002 0.4609375 0.07968750000000001 0.060546875
0 0.308203125 0.46875 0.07734375 0.064453125
0 0.44843750000000004 0.462890625 0.08125 0.080078125
0 0.602734375 0.455078125 0.07265625 0.087890625
0 0.603125 0.6396484375 0.0734375 0.080078125
0 0.451171875 0.640625 0.07421875 0.068359375
0 0.31367187500000004 0.63134765625 0.07734375 0.0654296875
0 0.17695312500000002 0.63427734375 0.07890625000000001 0.0673828125
2 0.106640625 0.548828125 0.030468750000000003 0.251953125
2 0.13789062500000002 0.5478515625 0.025781250000000002 0.255859375
2 0.24765625000000002 0.5439453125 0.026562500000000003 0.25
2 0.37265625 0.54736328125 0.0390625 0.2646484375
2 0.5281250000000001 0.55712890625 0.03125 0.3115234375
2 0.689453125 0.546875 0.03671875 0.2421875
1 0.118359375 0.548828125 0.07578125000000001 0.048828125
1 0.21953125 0.5419921875 0.08125 0.05078125
1 0.35976562500000003 0.53173828125 0.09140625000000001 0.0498046875
1 0.49140625000000004 0.5380859375 0.1171875 0.056640625
1 0.6359375 0.53173828125 0.1 0.0498046875
