1 0.34453125 0.140625 0.05625 0.189453125
1 0.33515625000000004 0.3291015625 0.0578125 0.16796875
1 0.33828125000000003 0.59130859375 0.05625 0.1767578125
1 0.34453125 0.8359375 0.0625 0.150390625
2 0.33984375 0.2119140625 0.19687500000000002 0.04296875
2 0.33515625000000004 0.41845703125 0.325 0.0302734375
2 0.33710937500000004 0.61083984375 0.25859375 0.0380859375
2 0.33242187500000003 0.7158203125 0.24453125 0.033203125
0 0.443359375 0.2861328125 0.06640625 0.12890625
0 0.23828125 0.5009765625 0.06875 0.14453125
0 0.44570312500000003 0.51806640625 0.07578125000000001 0.1279296875
0 0.452734375 0.7841796875 0.06796875000000001 0.109375
0 0.2328125 0.28857421875 0.0703125 0.1396484375
