2 0.3671875 0.14404296875 0.29531250000000003 0.0693359375
2 0.37148437500000003 0.34423828125 0.31328125 0.0439453125
2 0.36562500000000003 0.541015625 0.3046875 0.03515625
1 0.37343750000000003 0.1376953125 0.037500000000000006 0.19921875
1 0.3640625 0.28857421875 0.053125000000000006 0.1083984375
1 0.35585937500000003 0.48583984375 0.055468750000000004 0.1767578125
1 0.362109375 0.74755859375 0.05859375 0.1650390625
0 0.278125 0.205078125 0.0765625 0.130859375
0 0.46875 0.42578125 0.07500000000000001 0.14453125
0 0.26015625000000003 0.42822265625 0.078125 0.1455078125
0 0.26796875000000003 0.64013671875 0.08125 0.1279296875
0 0.47187500000000004 0.64990234375 0.06406250000000001 0.1396484375
0 0.48554687500000004 0.22265625 0.05234375 0.125
