1 0.03828125 0.53271484375 0.0734375 0.0361328125
1 0.19140625 0.51904296875 0.096875 0.0380859375
1 0.353125 0.509765625 0.1046875 0.041015625
1 0.505078125 0.50634765625 0.12578125 0.0400390625
1 0.65 0.48828125 0.11875000000000001 0.05859375
1 0.766796875 0.4853515625 0.06640625 0.052734375
2 0.033984375000000004 0.5380859375 0.02109375 0.267578125
2 0.070703125 0.55029296875 0.02421875 0.2822265625
2 0.1875 0.54541015625 0.0171875 0.3193359375
2 0.2234375 0.53662109375 0.018750000000000003 0.3095703125
2 0.34414062500000003 0.53515625 0.022656250000000003 0.310546875
2 0.644140625 0.51806640625 0.03359375 0.3642578125
2 0.696484375 0.48681640625 0.03671875 0.2998046875
0 0.105859375 0.44091796875 0.08515625 0.0673828125
0 0.10820312500000001 0.62890625 0.07890625000000001 0.06640625
0 0.28164062500000003 0.62646484375 0.06796875000000001 0.0517578125
0 0.275390625 0.423828125 0.07265625 0.041015625
0 0.424609375 0.42041015625 0.07578125000000001 0.0517578125
0 0.7312500000000001 0.3876953125 0.0890625 0.060546875
