2 0.32929687500000004 0.5576171875 0.30078125 0.0390625
2 0.333984375 0.73046875 0.31640625 0.05078125
1 0.34218750000000003 0.2294921875 0.0484375 0.134765625
1 0.337890625 0.39013671875 0.04609375 0.1435546875
1 0.34453125 0.58837890625 0.040625 0.1962890625
1 0.34296875000000004 0.78466796875 0.0546875 0.1826171875
0 0.42695312500000004 0.40087890625 0.08046875 0.1240234375
0 0.24921875000000002 0.40185546875 0.078125 0.1337890625
0 0.246484375 0.61279296875 0.08359375000000001 0.1474609375
0 0.437109375 0.6181640625 0.07890625000000001 0.130859375
2 0.36250000000000004 0.140625 0.19843750000000002 0.03515625
1 0.33906250000000004 0.93505859375 0.059375000000000004 0.1044921875
