1 0.10546875 0.458984375 0.146875 0.06640625
1 0.240625 0.455078125 0.1296875 0.060546875
1 0.392578125 0.44287109375 0.14609375 0.0712890625
1 0.5945312500000001 0.45263671875 0.13593750000000002 0.0615234375
2 0.119140625 0.47802734375 0.05234375 0.3466796875
2 0.283203125 0.4638671875 0.03671875 0.396484375
2 0.443359375 0.4619140625 0.030468750000000003 0.41015625
2 0.589453125 0.45751953125 0.02890625 0.3134765625
2 0.6734375 0.4541015625 0.028125 0.35546875
0 0.16523437500000002 0.3505859375 0.10546875 0.08984375
0 0.16328125000000002 0.59326171875 0.09375 0.0927734375
0 0.33984375 0.58447265625 0.10625000000000001 0.0888671875
0 0.346484375 0.3271484375 0.11171875 0.09375
0 0.5171875 0.333984375 0.1046875 0.095703125
0 0.5265625 0.5927734375 0.1125 0.0859375
