2 0.35273437500000004 0.2626953125 0.27734375 0.064453125
2 0.345703125 0.439453125 0.31015625 0.0390625
2 0.34375 0.484375 0.30000000000000004 0.03515625
2 0.349609375 0.671875 0.33046875000000003 0.048828125
1 0.35703125 0.12109375 0.05 0.142578125
1 0.3515625 0.30078125 0.051562500000000004 0.162109375
1 0.353125 0.4921875 0.0578125 0.173828125
1 0.353515625 0.693359375 0.06015625 0.16796875
1 0.34882812500000004 0.87841796875 0.05859375 0.1533203125
0 0.2609375 0.3203125 0.084375 0.123046875
0 0.439453125 0.32470703125 0.07578125000000001 0.1240234375
0 0.43984375000000003 0.11767578125 0.078125 0.1298828125
0 0.255078125 0.5400390625 0.08984375 0.146484375
