0 0.19609375 0.59912109375 0.0859375 0.0810546875
0 0.362109375 0.38623046875 0.08359375000000001 0.0732421875
0 0.53515625 0.376953125 0.0703125 0.07421875
0 0.534375 0.60107421875 0.078125 0.0771484375
1 0.241015625 0.48828125 0.09765625 0.0546875
1 0.40742187500000004 0.482421875 0.13203125000000002 0.052734375
1 0.578125 0.4833984375 0.1375 0.05859375
2 0.282421875 0.486328125 0.032031250000000004 0.322265625
2 0.109375 0.4921875 0.025 0.330078125
2 0.147265625 0.486328125 0.02734375 0.33984375
2 0.44257812500000004 0.49169921875 0.02890625 0.3681640625
2 0.6453125000000001 0.4931640625 0.040625 0.36328125
