2 0.14453125 0.486328125 0.028125 0.240234375
2 0.30976562500000004 0.474609375 0.03671875 0.28125
2 0.434375 0.49755859375 0.028125 0.2470703125
2 0.47578125000000004 0.4873046875 0.026562500000000003 0.232421875
2 0.6140625000000001 0.47998046875 0.034375 0.3037109375
1 0.21601562500000002 0.482421875 0.12421875 0.048828125
1 0.35000000000000003 0.484375 0.134375 0.0625
1 0.49062500000000003 0.48681640625 0.12812500000000002 0.0517578125
1 0.6726562500000001 0.486328125 0.14375000000000002 0.07421875
0 0.20820312500000002 0.576171875 0.08359375000000001 0.076171875
0 0.35703125 0.58251953125 0.09531250000000001 0.0869140625
0 0.35625 0.3720703125 0.109375 0.107421875
0 0.526953125 0.5859375 0.10703125000000001 0.072265625
0 0.19921875 0.38037109375 0.09375 0.0810546875
