0 0.24296875 0.12548828125 0.07500000000000001 0.1259765625
0 0.432421875 0.125 0.07109375 0.138671875
0 0.43515625 0.36376953125 0.07500000000000001 0.1337890625
0 0.22617187500000002 0.3662109375 0.07578125000000001 0.14453125
0 0.23046875 0.57275390625 0.07500000000000001 0.1435546875
0 0.43828125 0.59033203125 0.0671875 0.1357421875
0 0.43984375000000003 0.84765625 0.0703125 0.134765625
1 0.343359375 0.07861328125 0.057031250000000006 0.1357421875
1 0.3359375 0.22900390625 0.0546875 0.1689453125
1 0.330078125 0.40966796875 0.055468750000000004 0.1708984375
1 0.33046875000000003 0.65576171875 0.053125000000000006 0.1845703125
1 0.33437500000000003 0.90185546875 0.06406250000000001 0.1767578125
2 0.333984375 0.498046875 0.29453125 0.033203125
2 0.33437500000000003 0.685546875 0.284375 0.033203125
2 0.32148437500000004 0.79150390625 0.24140625000000002 0.0361328125
2 0.33046875000000003 0.29833984375 0.203125 0.0302734375
