2 0.045312500000000006 0.501953125 0.028125 0.3046875
2 0.08750000000000001 0.50439453125 0.025 0.3212890625
2 0.217578125 0.4912109375 0.02890625 0.337890625
2 0.382421875 0.49072265625 0.03671875 0.3388671875
2 0.434375 0.49462890625 0.026562500000000003 0.3349609375
2 0.575390625 0.494140625 0.02890625 0.35546875
1 0.06406250000000001 0.50341796875 0.09843750000000001 0.0595703125
1 0.197265625 0.49853515625 0.09609375 0.0517578125
1 0.35078125000000004 0.49072265625 0.11406250000000001 0.0576171875
1 0.5339843750000001 0.49755859375 0.14140625 0.0654296875
1 0.6996093750000001 0.48291015625 0.10546875 0.0537109375
0 0.136328125 0.39306640625 0.09296875 0.0791015625
0 0.304296875 0.39111328125 0.09609375 0.0751953125
0 0.47734375 0.388671875 0.07968750000000001 0.076171875
0 0.6687500000000001 0.3828125 0.0890625 0.0859375
0 0.14296875 0.60546875 0.09062500000000001 0.08203125
0 0.300390625 0.59619140625 0.09140625000000001 0.0732421875
0 0.48046875 0.61328125 0.0859375 0.068359375
0 0.663671875 0.6162109375 0.07265625 0.08203125
