1 0.36562500000000003 0.15625 0.05625 0.181640625
1 0.361328125 0.32373046875 0.055468750000000004 0.1494140625
1 0.354296875 0.51123046875 0.055468750000000004 0.1748046875
1 0.35585937500000003 0.748046875 0.049218750000000006 0.173828125
2 0.366796875 0.13134765625 0.28515625 0.0458984375
2 0.3609375 0.32763671875 0.3015625 0.0400390625
0 0.258984375 0.42919921875 0.08359375000000001 0.1455078125
0 0.26328125 0.6328125 0.084375 0.12890625
0 0.46484375 0.42138671875 0.0703125 0.1552734375
0 0.47109375000000003 0.63916015625 0.06875 0.1376953125
0 0.478515625 0.88330078125 0.07890625000000001 0.1396484375
0 0.24765625000000002 0.87744140625 0.07500000000000001 0.1298828125
2 0.37109375 0.19970703125 0.290625 0.0341796875
