2 0.132421875 0.578125 0.02734375 0.306640625
2 0.184375 0.5546875 0.021875000000000002 0.283203125
2 0.32851562500000003 0.54833984375 0.02421875 0.3095703125
1 0.12382812500000001 0.54296875 0.13203125000000002 0.056640625
1 0.2828125 0.537109375 0.1203125 0.0546875
1 0.44843750000000004 0.53173828125 0.12812500000000002 0.0595703125
0 0.22031250000000002 0.44775390625 0.09375 0.0439453125
0 0.22578125000000002 0.65234375 0.09062500000000001 0.037109375
0 0.0421875 0.458984375 0.078125 0.07421875
0 0.051562500000000004 0.66357421875 0.059375000000000004 0.0537109375
0 0.39921875 0.6474609375 0.0734375 0.05078125
