2 0.38320312500000003 0.18359375 0.13046875 0.037109375
2 0.40937500000000004 0.23583984375 0.15000000000000002 0.0302734375
2 0.384765625 0.380859375 0.21171875 0.025390625
2 0.384375 0.40625 0.215625 0.0234375
2 0.3984375 0.59814453125 0.1796875 0.0244140625
2 0.36562500000000003 0.548828125 0.23750000000000002 0.029296875
2 0.36875 0.76953125 0.23750000000000002 0.03125
1 0.3921875 0.28466796875 0.045312500000000006 0.1396484375
1 0.39609375 0.44921875 0.053125000000000006 0.158203125
1 0.39765625000000004 0.62109375 0.053125000000000006 0.17578125
1 0.394140625 0.8447265625 0.06328125 0.171875
0 0.46484375 0.267578125 0.0625 0.091796875
0 0.3015625 0.2548828125 0.07500000000000001 0.1171875
0 0.4703125 0.45263671875 0.07187500000000001 0.1103515625
0 0.48476562500000003 0.66015625 0.08203125 0.15234375
0 0.49140625000000004 0.87158203125 0.0765625 0.1044921875
0 0.300390625 0.4423828125 0.07421875 0.12890625
2 0.39179687500000004 0.83544921875 0.24609375 0.0380859375
