2 0.140234375 0.4990234375 0.02734375 0.26953125
2 0.18710937500000002 0.49365234375 0.022656250000000003 0.2529296875
2 0.318359375 0.48779296875 0.02421875 0.2724609375
1 0.284765625 0.48828125 0.12578125 0.052734375
1 0.434375 0.48291015625 0.1203125 0.0439453125
1 0.5613281250000001 0.4892578125 0.08046875 0.044921875
1 0.731640625 0.52734375 0.11484375000000001 0.076171875
0 0.22382812500000002 0.580078125 0.07578125000000001 0.04296875
0 0.22226562500000002 0.39794921875 0.08671875000000001 0.0498046875
0 0.388671875 0.388671875 0.07109375 0.0546875
