2 0.447265625 0.16552734375 0.21640625000000002 0.0283203125
2 0.4421875 0.22900390625 0.2171875 0.0244140625
2 0.41796875 0.41357421875 0.21250000000000002 0.0244140625
1 0.4234375 0.158203125 0.035937500000000004 0.1484375
1 0.41640625000000003 0.3515625 0.034375 0.1484375
0 0.35390625000000003 0.0498046875 0.0546875 0.08984375
0 0.5242187500000001 0.06787109375 0.05 0.0634765625
0 0.5125000000000001 0.2783203125 0.0390625 0.107421875
0 0.349609375 0.27685546875 0.03515625 0.1142578125
1 0.413671875 0.56396484375 0.04453125 0.1572265625
