0 0.244140625 0.1298828125 0.07734375 0.126953125
0 0.43593750000000003 0.1328125 0.065625 0.140625
0 0.43515625 0.365234375 0.06875 0.1328125
0 0.23359375000000002 0.35546875 0.0765625 0.15234375
0 0.23515625 0.580078125 0.0734375 0.125
0 0.43828125 0.59521484375 0.0703125 0.1279296875
0 0.44257812500000004 0.85693359375 0.07734375 0.1240234375
1 0.34296875000000004 0.07373046875 0.0578125 0.1357421875
1 0.34140625 0.220703125 0.05625 0.14453125
1 0.33242187500000003 0.40625 0.05390625 0.1640625
1 0.33671875 0.66748046875 0.053125000000000006 0.1748046875
1 0.3375 0.90771484375 0.0625 0.1611328125
2 0.32421875 0.49462890625 0.259375 0.0341796875
2 0.32539062500000004 0.6826171875 0.24765625000000002 0.033203125
2 0.31289062500000003 0.79248046875 0.21640625000000002 0.0322265625
2 0.33203125 0.30029296875 0.19843750000000002 0.0302734375
