0 0.2484375 0.43505859375 0.0765625 0.1572265625
0 0.45625000000000004 0.43603515625 0.07500000000000001 0.1416015625
0 0.45937500000000003 0.66552734375 0.0734375 0.1435546875
0 0.24453125 0.6630859375 0.0859375 0.119140625
0 0.25820312500000003 0.22119140625 0.07578125000000001 0.1318359375
0 0.45429687500000004 0.18896484375 0.06953125 0.1044921875
1 0.35664062500000004 0.13037109375 0.05859375 0.2001953125
1 0.35273437500000004 0.3154296875 0.057031250000000006 0.185546875
1 0.34882812500000004 0.49169921875 0.05390625 0.1728515625
1 0.35468750000000004 0.75439453125 0.0578125 0.1748046875
2 0.34882812500000004 0.36279296875 0.21015625000000002 0.0302734375
2 0.349609375 0.56982421875 0.32734375000000004 0.0283203125
2 0.34296875000000004 0.75341796875 0.2703125 0.0400390625
2 0.355078125 0.86376953125 0.28203125 0.0322265625
