0 0.51796875 0.19775390625 0.045312500000000006 0.0888671875
0 0.34765625 0.18701171875 0.0390625 0.0869140625
0 0.34453125 0.3828125 0.0421875 0.099609375
0 0.505859375 0.38720703125 0.039843750000000004 0.0966796875
0 0.50546875 0.58203125 0.05 0.1015625
0 0.333984375 0.57421875 0.04609375 0.091796875
0 0.31328125 0.76220703125 0.045312500000000006 0.1064453125
0 0.49296875 0.78271484375 0.045312500000000006 0.0986328125
1 0.43046875 0.076171875 0.0390625 0.134765625
1 0.41914062500000004 0.2900390625 0.03671875 0.154296875
1 0.40742187500000004 0.484375 0.041406250000000006 0.142578125
1 0.39570312500000004 0.681640625 0.04609375 0.154296875
1 0.3875 0.8662109375 0.051562500000000004 0.1796875
2 0.43867187500000004 0.05078125 0.25390625 0.021484375
2 0.44179687500000003 0.10498046875 0.25390625 0.0302734375
2 0.43789062500000003 0.271484375 0.26484375 0.03515625
2 0.43867187500000004 0.32373046875 0.26484375 0.0302734375
2 0.427734375 0.654296875 0.27421875 0.037109375
2 0.419921875 0.7158203125 0.28046875 0.041015625
2 0.41875 0.888671875 0.296875 0.037109375
