2 0.33359375 0.27490234375 0.28125 0.0341796875
2 0.32539062500000004 0.4658203125 0.27265625 0.029296875
2 0.330859375 0.62939453125 0.19453125000000002 0.0205078125
2 0.330078125 0.74658203125 0.22109375 0.0283203125
2 0.341796875 0.951171875 0.20078125000000002 0.033203125
1 0.347265625 0.0908203125 0.06171875 0.162109375
1 0.343359375 0.24658203125 0.057031250000000006 0.1357421875
1 0.333984375 0.43310546875 0.06015625 0.1962890625
1 0.33671875 0.67431640625 0.05 0.1787109375
1 0.33437500000000003 0.90576171875 0.0578125 0.1572265625
0 0.4375 0.1455078125 0.060937500000000006 0.138671875
0 0.24609375 0.142578125 0.0703125 0.130859375
0 0.2328125 0.35546875 0.060937500000000006 0.150390625
0 0.43281250000000004 0.35986328125 0.0671875 0.1494140625
0 0.43984375000000003 0.58544921875 0.0671875 0.1259765625
0 0.23554687500000002 0.57470703125 0.07421875 0.1220703125
0 0.44375000000000003 0.82470703125 0.08281250000000001 0.1435546875
