0 0.34609375000000003 0.30029296875 0.084375 0.1044921875
0 0.53046875 0.28955078125 0.07500000000000001 0.0927734375
0 0.5453125 0.50537109375 0.0890625 0.1123046875
0 0.335546875 0.5244140625 0.07578125000000001 0.103515625
0 0.58125 0.7275390625 0.0890625 0.11328125
1 0.43593750000000003 0.2041015625 0.0625 0.16796875
1 0.43984375000000003 0.40478515625 0.0578125 0.1787109375
1 0.44453125000000004 0.587890625 0.059375000000000004 0.154296875
1 0.45703125 0.74951171875 0.059375000000000004 0.1533203125
2 0.43125 0.2265625 0.3171875 0.056640625
2 0.448828125 0.3720703125 0.33515625000000004 0.0390625
2 0.45078125 0.45751953125 0.33906250000000004 0.0498046875
2 0.45351562500000003 0.6201171875 0.32265625000000003 0.0625
2 0.465625 0.82861328125 0.22968750000000002 0.0419921875
