1 0.3671875 0.1318359375 0.053125000000000006 0.18359375
1 0.3640625 0.30078125 0.0484375 0.162109375
1 0.354296875 0.49072265625 0.057031250000000006 0.1826171875
1 0.362109375 0.7431640625 0.049218750000000006 0.169921875
2 0.382421875 0.14892578125 0.27734375 0.0654296875
2 0.37109375 0.35400390625 0.3171875 0.0458984375
2 0.36953125000000003 0.55419921875 0.328125 0.0380859375
2 0.366015625 0.73681640625 0.25078125 0.0361328125
2 0.36328125 0.841796875 0.284375 0.03515625
0 0.28046875 0.20654296875 0.07187500000000001 0.1318359375
0 0.474609375 0.2041015625 0.07421875 0.1171875
0 0.467578125 0.4248046875 0.07109375 0.1328125
0 0.26171875 0.43310546875 0.07500000000000001 0.1396484375
0 0.2671875 0.646484375 0.0765625 0.130859375
0 0.47421875 0.658203125 0.06875 0.140625
