2 0.39179687500000004 0.7724609375 0.26796875000000003 0.04296875
2 0.408984375 0.84521484375 0.16640625 0.0244140625
2 0.41523437500000004 0.6005859375 0.18984375 0.029296875
2 0.41718750000000004 0.55712890625 0.18281250000000002 0.0205078125
2 0.38046875 0.40625 0.19375 0.029296875
2 0.40273437500000003 0.18994140625 0.13984375000000002 0.0322265625
0 0.325 0.2666015625 0.05625 0.09375
0 0.487109375 0.45458984375 0.07265625 0.1201171875
0 0.31289062500000003 0.45166015625 0.07421875 0.1259765625
2 0.41484375 0.2431640625 0.2015625 0.029296875
