1 0.224609375 0.43798828125 0.11015625000000001 0.0576171875
1 0.384375 0.443359375 0.109375 0.056640625
1 0.558203125 0.44482421875 0.16171875000000002 0.0712890625
1 0.70703125 0.4384765625 0.125 0.0703125
0 0.2734375 0.318359375 0.10312500000000001 0.103515625
0 0.27382812500000003 0.5615234375 0.11015625000000001 0.103515625
0 0.44921875 0.32080078125 0.1125 0.1103515625
2 0.24335937500000002 0.43359375 0.06640625 0.34765625
2 0.36875 0.43408203125 0.0328125 0.3837890625
2 0.5613281250000001 0.43310546875 0.039843750000000004 0.4111328125
