2 0.446875 0.08837890625 0.22031250000000002 0.0322265625
2 0.435546875 0.2333984375 0.25703125 0.02734375
2 0.431640625 0.27880859375 0.23828125 0.0244140625
2 0.43046875 0.4326171875 0.240625 0.02734375
2 0.421875 0.810546875 0.28125 0.046875
2 0.408203125 0.8759765625 0.25859375 0.041015625
0 0.5027343750000001 0.35498046875 0.041406250000000006 0.0830078125
0 0.338671875 0.3505859375 0.041406250000000006 0.08203125
0 0.342578125 0.5390625 0.03828125 0.095703125
0 0.5109375 0.1474609375 0.0484375 0.078125
1 0.409765625 0.44091796875 0.03828125 0.1435546875
1 0.40742187500000004 0.6181640625 0.041406250000000006 0.1171875
1 0.39453125 0.814453125 0.0421875 0.15234375
1 0.38984375000000004 0.9580078125 0.040625 0.076171875
