2 0.44140625 0.04150390625 0.21406250000000002 0.0302734375
2 0.44296875 0.08642578125 0.225 0.0302734375
2 0.44453125000000004 0.2333984375 0.2578125 0.029296875
2 0.435546875 0.27880859375 0.24296875 0.0224609375
2 0.43398437500000003 0.43310546875 0.24921875000000002 0.0322265625
2 0.42031250000000003 0.80810546875 0.2828125 0.0361328125
2 0.40156250000000004 0.87255859375 0.25625000000000003 0.0400390625
1 0.41640625000000003 0.24072265625 0.035937500000000004 0.1142578125
1 0.4109375 0.44677734375 0.0328125 0.1376953125
1 0.408203125 0.615234375 0.03359375 0.107421875
1 0.39296875000000003 0.81103515625 0.0390625 0.1396484375
1 0.3921875 0.96142578125 0.035937500000000004 0.0732421875
0 0.505078125 0.14306640625 0.04453125 0.0966796875
0 0.505078125 0.3544921875 0.04296875 0.087890625
0 0.34453125 0.52880859375 0.037500000000000006 0.0869140625
0 0.34492187500000004 0.34765625 0.03359375 0.09375
0 0.31289062500000003 0.9208984375 0.04609375 0.09375
