2 0.390234375 0.1416015625 0.20390625 0.033203125
2 0.362109375 0.32666015625 0.19140625 0.0322265625
2 0.36484375 0.53271484375 0.2234375 0.0400390625
2 0.43476562500000004 0.95556640625 0.25703125 0.0556640625
0 0.30625 0.21044921875 0.035937500000000004 0.1162109375
0 0.46132812500000003 0.2158203125 0.032031250000000004 0.119140625
1 0.381640625 0.1279296875 0.04296875 0.16015625
1 0.373046875 0.2939453125 0.04453125 0.146484375
1 0.370703125 0.50439453125 0.04296875 0.1455078125
1 0.373046875 0.69384765625 0.032031250000000004 0.1318359375
0 0.29765625 0.4306640625 0.0328125 0.107421875
0 0.29140625000000003 0.66162109375 0.034375 0.0751953125
