0 0.52734375 0.10986328125 0.035937500000000004 0.0966796875
0 0.51015625 0.31201171875 0.0484375 0.0927734375
0 0.6859375000000001 0.328125 0.059375000000000004 0.087890625
0 0.6890625 0.53466796875 0.05625 0.0927734375
0 0.49726562500000004 0.52001953125 0.055468750000000004 0.0810546875
0 0.49843750000000003 0.92431640625 0.040625 0.0791015625
2 0.599609375 0.1533203125 0.15390625000000002 0.029296875
2 0.60703125 0.24755859375 0.1875 0.0341796875
2 0.6015625 0.39794921875 0.2546875 0.0478515625
2 0.589453125 0.45849609375 0.20390625 0.0439453125
2 0.591796875 0.62158203125 0.24609375 0.0478515625
2 0.602734375 0.703125 0.23515625 0.033203125
2 0.587109375 0.82958984375 0.16171875000000002 0.0400390625
1 0.581640625 0.208984375 0.04296875 0.1796875
1 0.57578125 0.41552734375 0.040625 0.1669921875
1 0.577734375 0.595703125 0.03671875 0.1484375
1 0.5769531250000001 0.78076171875 0.039843750000000004 0.1337890625
2 0.576171875 0.88818359375 0.12265625000000001 0.0302734375
