2 0.40468750000000003 0.1767578125 0.2171875 0.03125
2 0.40742187500000004 0.23876953125 0.21484375 0.0263671875
2 0.40156250000000004 0.41259765625 0.2265625 0.0283203125
1 0.41132812500000004 0.14990234375 0.039843750000000004 0.1201171875
1 0.40546875000000004 0.36083984375 0.043750000000000004 0.1572265625
1 0.40390625 0.55712890625 0.043750000000000004 0.1611328125
0 0.326171875 0.06298828125 0.057031250000000006 0.1005859375
0 0.494921875 0.06591796875 0.039843750000000004 0.1005859375
0 0.4890625 0.28857421875 0.037500000000000006 0.1064453125
0 0.32421875 0.28173828125 0.045312500000000006 0.1103515625
0 0.32265625000000003 0.49951171875 0.037500000000000006 0.0908203125
