0 0.246484375 0.53759765625 0.08515625 0.1435546875
0 0.43593750000000003 0.3193359375 0.07968750000000001 0.126953125
0 0.24960937500000002 0.31494140625 0.08203125 0.1376953125
0 0.43125 0.12060546875 0.07500000000000001 0.1181640625
1 0.343359375 0.13623046875 0.05234375 0.1650390625
1 0.339453125 0.30224609375 0.055468750000000004 0.1552734375
1 0.34453125 0.48974609375 0.0484375 0.1904296875
1 0.346484375 0.6982421875 0.057031250000000006 0.177734375
1 0.34375 0.880859375 0.059375000000000004 0.15625
2 0.34687500000000004 0.669921875 0.30625 0.046875
2 0.34218750000000003 0.44140625 0.28125 0.037109375
2 0.340625 0.265625 0.2734375 0.076171875
