2 0.10546875 0.4912109375 0.028125 0.28515625
2 0.055468750000000004 0.498046875 0.025 0.27734375
2 0.253125 0.478515625 0.021875000000000002 0.28125
1 0.058203125 0.490234375 0.11484375000000001 0.0546875
1 0.21640625000000002 0.4833984375 0.1203125 0.05078125
1 0.36640625000000004 0.482421875 0.125 0.05859375
0 0.1453125 0.37890625 0.09375 0.052734375
0 0.15000000000000002 0.58740234375 0.0921875 0.0634765625
1 0.5242187500000001 0.4833984375 0.1015625 0.041015625
0 0.507421875 0.37451171875 0.06328125 0.0439453125
2 0.755078125 0.5400390625 0.04453125 0.33984375
2 0.42421875000000003 0.4619140625 0.0234375 0.27734375
