0 0.43007812500000003 0.30810546875 0.11484375000000001 0.1064453125
0 0.25546875 0.544921875 0.1015625 0.099609375
0 0.251953125 0.31201171875 0.11015625000000001 0.1025390625
0 0.09648437500000001 0.5390625 0.09453125000000001 0.09375
1 0.10898437500000001 0.42919921875 0.13203125000000002 0.0654296875
1 0.24179687500000002 0.42431640625 0.12421875 0.0693359375
1 0.39179687500000004 0.4306640625 0.15234375 0.060546875
1 0.55859375 0.43310546875 0.1421875 0.0712890625
1 0.7046875 0.4296875 0.125 0.07421875
2 0.5359375000000001 0.43359375 0.037500000000000006 0.3828125
2 0.353125 0.427734375 0.029687500000000002 0.3515625
2 0.21250000000000002 0.42578125 0.060937500000000006 0.341796875
