0 0.31171875000000004 0.17724609375 0.0625 0.1083984375
0 0.31015625 0.3740234375 0.0546875 0.11328125
0 0.30078125 0.6015625 0.0578125 0.09765625
0 0.299609375 0.83056640625 0.07265625 0.1044921875
0 0.491015625 0.83642578125 0.07421875 0.1103515625
0 0.48671875000000003 0.599609375 0.0625 0.1015625
0 0.47382812500000004 0.3779296875 0.05390625 0.10546875
0 0.48281250000000003 0.18017578125 0.06406250000000001 0.1005859375
1 0.40234375 0.0859375 0.043750000000000004 0.115234375
1 0.39687500000000003 0.2431640625 0.0484375 0.126953125
1 0.38789062500000004 0.439453125 0.04296875 0.169921875
1 0.38906250000000003 0.6748046875 0.05 0.18359375
1 0.38320312500000003 0.87841796875 0.04296875 0.1572265625
2 0.397265625 0.05712890625 0.24765625000000002 0.0380859375
2 0.398046875 0.109375 0.25546875 0.03125
2 0.39375000000000004 0.27685546875 0.26406250000000003 0.0361328125
2 0.39492187500000003 0.47705078125 0.26640625 0.0439453125
2 0.39375000000000004 0.55126953125 0.28125 0.0322265625
2 0.397265625 0.72265625 0.29765625 0.037109375
