0 0.31171875000000004 0.14111328125 0.0734375 0.1123046875
0 0.49335937500000004 0.11962890625 0.07265625 0.1220703125
0 0.508984375 0.3359375 0.057031250000000006 0.130859375
0 0.32851562500000003 0.5859375 0.055468750000000004 0.107421875
0 0.519140625 0.57080078125 0.06015625 0.1083984375
1 0.40742187500000004 0.189453125 0.04453125 0.125
1 0.424609375 0.41748046875 0.04609375 0.1630859375
1 0.43046875 0.63916015625 0.051562500000000004 0.1806640625
1 0.446875 0.86181640625 0.0546875 0.1494140625
2 0.408984375 0.0546875 0.26796875000000003 0.0390625
2 0.412890625 0.2412109375 0.28515625 0.044921875
2 0.41953125 0.44580078125 0.278125 0.0400390625
2 0.42226562500000003 0.7119140625 0.30703125000000003 0.05078125
