2 0.3453125 0.27001953125 0.2765625 0.0654296875
2 0.34921875 0.435546875 0.30000000000000004 0.041015625
2 0.341796875 0.48681640625 0.28671875 0.0322265625
2 0.34492187500000004 0.66845703125 0.32265625000000003 0.0380859375
1 0.35234375 0.14599609375 0.051562500000000004 0.1474609375
1 0.349609375 0.30615234375 0.05078125 0.1513671875
1 0.35195312500000003 0.494140625 0.05234375 0.181640625
1 0.34804687500000003 0.6982421875 0.06015625 0.177734375
1 0.3484375 0.88232421875 0.0546875 0.1376953125
0 0.26210937500000003 0.5390625 0.08046875 0.140625
0 0.44062500000000004 0.32275390625 0.084375 0.1337890625
0 0.44062500000000004 0.12060546875 0.084375 0.1259765625
0 0.44921875 0.5546875 0.0890625 0.150390625
