0 0.201171875 0.38232421875 0.09609375 0.0830078125
0 0.20664062500000002 0.57177734375 0.09921875000000001 0.0693359375
0 0.36445312500000004 0.587890625 0.09140625000000001 0.0859375
0 0.35703125 0.37255859375 0.096875 0.1005859375
1 0.23046875 0.47705078125 0.1125 0.0537109375
1 0.36328125 0.48486328125 0.1125 0.0615234375
1 0.494921875 0.49462890625 0.12734375 0.0634765625
1 0.67734375 0.486328125 0.125 0.0703125
2 0.146484375 0.47900390625 0.032031250000000004 0.1845703125
2 0.3125 0.462890625 0.034375 0.28515625
2 0.43789062500000003 0.47119140625 0.025781250000000002 0.2607421875
2 0.47734375 0.4873046875 0.018750000000000003 0.232421875
2 0.6199218750000001 0.46337890625 0.02734375 0.3076171875
2 0.6742187500000001 0.47900390625 0.0234375 0.2431640625
0 0.532421875 0.59912109375 0.11640625 0.0947265625
