2 0.115234375 0.458984375 0.055468750000000004 0.369140625
2 0.275390625 0.46435546875 0.03515625 0.3916015625
2 0.43281250000000004 0.45703125 0.028125 0.380859375
1 0.11015625000000001 0.466796875 0.15937500000000002 0.046875
1 0.230859375 0.455078125 0.08671875000000001 0.06640625
1 0.388671875 0.44482421875 0.14140625 0.0693359375
1 0.598046875 0.45263671875 0.13203125000000002 0.0732421875
0 0.1640625 0.34765625 0.1046875 0.095703125
0 0.340625 0.5859375 0.115625 0.09375
0 0.342578125 0.3251953125 0.11640625 0.09765625
0 0.512109375 0.3349609375 0.10234375000000001 0.1015625
0 0.519921875 0.58984375 0.11171875 0.080078125
0 0.178125 0.60693359375 0.1 0.0654296875
