2 0.41484375 0.09619140625 0.225 0.0283203125
2 0.3828125 0.333984375 0.19687500000000002 0.025390625
1 0.40351562500000004 0.07177734375 0.04453125 0.1298828125
1 0.39609375 0.25390625 0.040625 0.16796875
1 0.3921875 0.44287109375 0.0421875 0.1494140625
1 0.39492187500000003 0.634765625 0.04296875 0.15625
0 0.32851562500000003 0.19580078125 0.03359375 0.0908203125
0 0.486328125 0.18994140625 0.03671875 0.1123046875
0 0.322265625 0.41455078125 0.03671875 0.0869140625
2 0.46328125000000003 0.9384765625 0.22812500000000002 0.048828125
