2 0.45937500000000003 0.166015625 0.253125 0.03515625
2 0.446875 0.22412109375 0.225 0.0302734375
2 0.4375 0.4052734375 0.2390625 0.02734375
1 0.43007812500000003 0.154296875 0.041406250000000006 0.16015625
1 0.42695312500000004 0.3564453125 0.039843750000000004 0.146484375
1 0.424609375 0.56494140625 0.03671875 0.1552734375
0 0.35664062500000004 0.05224609375 0.06328125 0.0908203125
0 0.534765625 0.0615234375 0.04609375 0.07421875
0 0.5261718750000001 0.27490234375 0.049218750000000006 0.1083984375
0 0.35468750000000004 0.27392578125 0.040625 0.1142578125
0 0.5144531250000001 0.5068359375 0.03515625 0.095703125
