2 0.43671875000000004 0.041015625 0.21875 0.025390625
2 0.43398437500000003 0.0869140625 0.21171875 0.029296875
2 0.43125 0.2333984375 0.25 0.029296875
2 0.425390625 0.27685546875 0.23515625 0.0224609375
2 0.42226562500000003 0.4296875 0.23984375000000002 0.03125
2 0.41523437500000004 0.8017578125 0.26484375 0.03515625
2 0.40390625 0.87255859375 0.246875 0.0400390625
1 0.41914062500000004 0.05419921875 0.03515625 0.0888671875
1 0.4109375 0.23876953125 0.035937500000000004 0.1279296875
1 0.405078125 0.42724609375 0.03359375 0.1142578125
1 0.40078125000000003 0.6142578125 0.035937500000000004 0.111328125
1 0.38593750000000004 0.80419921875 0.045312500000000006 0.1357421875
1 0.382421875 0.955078125 0.04609375 0.0859375
0 0.35234375 0.1318359375 0.046875 0.10546875
0 0.5015625 0.130859375 0.0546875 0.111328125
0 0.49453125000000003 0.35107421875 0.045312500000000006 0.0888671875
0 0.33710937500000004 0.341796875 0.03828125 0.08984375
0 0.33437500000000003 0.533203125 0.035937500000000004 0.1015625
0 0.3046875 0.91357421875 0.05 0.1005859375
