0 0.3015625 0.1162109375 0.043750000000000004 0.083984375
0 0.44765625000000003 0.10400390625 0.037500000000000006 0.0849609375
0 0.45742187500000003 0.271484375 0.03828125 0.08203125
0 0.462890625 0.44970703125 0.04296875 0.0888671875
0 0.48281250000000003 0.62109375 0.0484375 0.083984375
0 0.323046875 0.6298828125 0.04453125 0.08203125
0 0.31796875 0.78759765625 0.0578125 0.0791015625
0 0.494140625 0.7822265625 0.049218750000000006 0.080078125
1 0.38671875 0.20556640625 0.037500000000000006 0.1279296875
1 0.39375000000000004 0.369140625 0.03125 0.13671875
1 0.40937500000000004 0.53955078125 0.046875 0.1279296875
1 0.416015625 0.6962890625 0.049218750000000006 0.1328125
1 0.41328125000000004 0.82763671875 0.040625 0.1064453125
1 0.41523437500000004 0.93798828125 0.04609375 0.0947265625
2 0.37265625 0.1826171875 0.234375 0.029296875
2 0.38515625000000003 0.03125 0.17343750000000002 0.0234375
2 0.38515625000000003 0.5185546875 0.246875 0.025390625
2 0.386328125 0.5751953125 0.24609375 0.02734375
2 0.39375000000000004 0.71484375 0.259375 0.03125
