2 0.424609375 0.0595703125 0.19765625 0.0390625
2 0.42695312500000004 0.21337890625 0.21953125 0.0361328125
2 0.42890625000000004 0.26123046875 0.234375 0.0400390625
2 0.421484375 0.4208984375 0.24765625000000002 0.046875
2 0.43007812500000003 0.6142578125 0.25546875 0.037109375
2 0.432421875 0.68603515625 0.27421875 0.0361328125
2 0.43398437500000003 0.8662109375 0.28046875 0.046875
1 0.41171875 0.08642578125 0.0421875 0.0888671875
1 0.40703125 0.2333984375 0.046875 0.1015625
1 0.40156250000000004 0.375 0.040625 0.09765625
1 0.3984375 0.578125 0.040625 0.142578125
1 0.404296875 0.7841796875 0.04453125 0.146484375
0 0.34414062500000003 0.1201171875 0.05234375 0.1328125
0 0.49257812500000003 0.126953125 0.06484375 0.126953125
0 0.505078125 0.3125 0.06953125 0.119140625
0 0.331640625 0.3212890625 0.05859375 0.1015625
0 0.333984375 0.52197265625 0.055468750000000004 0.1318359375
0 0.49375 0.51904296875 0.046875 0.1083984375
0 0.33203125 0.744140625 0.0625 0.099609375
0 0.50625 0.73681640625 0.0703125 0.1005859375
