1 0.101953125 0.44580078125 0.15390625000000002 0.0615234375
1 0.24570312500000002 0.44091796875 0.14140625 0.0634765625
1 0.392578125 0.4296875 0.12890625 0.080078125
1 0.596875 0.44140625 0.1484375 0.068359375
2 0.28671875 0.43359375 0.029687500000000002 0.359375
2 0.46015625000000004 0.4296875 0.0234375 0.421875
2 0.6058593750000001 0.41943359375 0.022656250000000003 0.3369140625
2 0.696875 0.42529296875 0.0234375 0.3349609375
0 0.16367187500000002 0.326171875 0.10546875 0.1015625
0 0.171875 0.56591796875 0.096875 0.0849609375
0 0.35195312500000003 0.30712890625 0.11953125 0.1064453125
0 0.347265625 0.5654296875 0.11640625 0.08984375
0 0.5339843750000001 0.57080078125 0.11953125 0.0966796875
0 0.530859375 0.310546875 0.10078125 0.107421875
