2 0.14179687500000002 0.5068359375 0.022656250000000003 0.279296875
2 0.19296875000000002 0.49853515625 0.026562500000000003 0.2646484375
2 0.33242187500000003 0.50048828125 0.022656250000000003 0.2978515625
1 0.127734375 0.5068359375 0.10390625 0.052734375
1 0.28515625 0.5009765625 0.13125 0.0546875
1 0.45390625 0.4951171875 0.11875000000000001 0.048828125
0 0.051171875000000006 0.4013671875 0.07890625000000001 0.068359375
0 0.05 0.6142578125 0.084375 0.056640625
0 0.228515625 0.6005859375 0.07578125000000001 0.044921875
0 0.23007812500000002 0.40234375 0.09140625000000001 0.04296875
0 0.40390625 0.40087890625 0.065625 0.0478515625
0 0.40351562500000004 0.599609375 0.07421875 0.046875
