1 0.39687500000000003 0.16162109375 0.0421875 0.1455078125
1 0.392578125 0.3544921875 0.049218750000000006 0.154296875
1 0.39179687500000004 0.544921875 0.04296875 0.138671875
0 0.32070312500000003 0.0625 0.05390625 0.1015625
0 0.31679687500000003 0.28076171875 0.04453125 0.1123046875
0 0.47187500000000004 0.2802734375 0.0390625 0.09375
0 0.31796875 0.494140625 0.0390625 0.091796875
2 0.39921875 0.1796875 0.23125 0.033203125
2 0.398046875 0.4072265625 0.22421875000000002 0.025390625
0 0.464453125 0.48974609375 0.03515625 0.0869140625
0 0.48085937500000003 0.0634765625 0.04296875 0.095703125
