2 0.38398437500000004 0.4306640625 0.22265625 0.0234375
2 0.390234375 0.26025390625 0.20703125 0.0361328125
1 0.38828125 0.388671875 0.0390625 0.134765625
1 0.384375 0.58447265625 0.034375 0.1142578125
1 0.41718750000000004 0.9443359375 0.043750000000000004 0.099609375
1 0.39375000000000004 0.20947265625 0.0421875 0.1376953125
0 0.319140625 0.09326171875 0.03671875 0.1064453125
0 0.47695312500000003 0.0947265625 0.039843750000000004 0.115234375
0 0.311328125 0.30810546875 0.039843750000000004 0.1064453125
0 0.46796875000000004 0.310546875 0.0390625 0.107421875
0 0.462890625 0.53173828125 0.039843750000000004 0.0869140625
