1 0.331640625 0.326171875 0.07109375 0.17578125
1 0.33632812500000003 0.60107421875 0.057031250000000006 0.1689453125
1 0.34101562500000004 0.83447265625 0.06328125 0.1826171875
2 0.335546875 0.21728515625 0.20859375000000002 0.0224609375
2 0.34140625 0.4228515625 0.3140625 0.03515625
2 0.339453125 0.6142578125 0.27109375 0.041015625
2 0.32890625 0.72314453125 0.22968750000000002 0.0322265625
2 0.381640625 0.919921875 0.12109375 0.0390625
0 0.44140625 0.28759765625 0.0765625 0.1376953125
0 0.2234375 0.291015625 0.07500000000000001 0.138671875
0 0.234765625 0.50341796875 0.07734375 0.1337890625
0 0.44179687500000003 0.51806640625 0.06484375 0.1279296875
0 0.44648437500000004 0.7890625 0.06953125 0.119140625
