2 0.38906250000000003 0.1806640625 0.1921875 0.03515625
2 0.3796875 0.38720703125 0.225 0.0458984375
2 0.398046875 0.54296875 0.19765625 0.03515625
2 0.38984375000000004 0.5947265625 0.1859375 0.033203125
2 0.38398437500000004 0.767578125 0.24296875 0.04296875
1 0.38593750000000004 0.27001953125 0.0390625 0.1552734375
1 0.3875 0.4375 0.05 0.16796875
1 0.389453125 0.61328125 0.041406250000000006 0.16015625
1 0.38906250000000003 0.8408203125 0.059375000000000004 0.1796875
0 0.4609375 0.26025390625 0.060937500000000006 0.1044921875
0 0.46601562500000004 0.4462890625 0.06953125 0.119140625
0 0.29765625 0.4453125 0.0859375 0.13671875
0 0.46875 0.65869140625 0.0578125 0.1337890625
0 0.304296875 0.2490234375 0.06484375 0.1171875
