0 0.49453125000000003 0.2421875 0.0859375 0.0859375
0 0.491015625 0.462890625 0.09453125000000001 0.111328125
1 0.33984375 0.35546875 0.1265625 0.052734375
1 0.6125 0.3564453125 0.1375 0.0625
1 0.474609375 0.35498046875 0.13203125000000002 0.0595703125
2 0.5828125000000001 0.35595703125 0.0171875 0.2158203125
2 0.341796875 0.310546875 0.02109375 0.1796875
0 0.36250000000000004 0.4267578125 0.09062500000000001 0.064453125
0 0.21445312500000002 0.42333984375 0.08515625 0.0556640625
0 0.35585937500000003 0.248046875 0.07890625000000001 0.064453125
