0 0.43789062500000003 0.3544921875 0.07578125000000001 0.134765625
0 0.23750000000000002 0.3486328125 0.0703125 0.140625
0 0.242578125 0.56591796875 0.06796875000000001 0.1318359375
0 0.44257812500000004 0.57666015625 0.06796875000000001 0.1279296875
0 0.44648437500000004 0.8330078125 0.07578125000000001 0.123046875
1 0.34882812500000004 0.0634765625 0.05390625 0.1171875
1 0.34453125 0.22021484375 0.059375000000000004 0.1708984375
1 0.33671875 0.38720703125 0.0578125 0.1689453125
1 0.34023437500000003 0.6396484375 0.055468750000000004 0.205078125
1 0.342578125 0.89453125 0.06796875000000001 0.16015625
2 0.34492187500000004 0.4853515625 0.32109375 0.033203125
2 0.353515625 0.68212890625 0.28203125 0.0654296875
2 0.35273437500000004 0.7744140625 0.26328125 0.0390625
2 0.33632812500000003 0.28662109375 0.20234375000000002 0.0400390625
