1 0.33984375 0.2333984375 0.0484375 0.15625
1 0.337890625 0.396484375 0.05390625 0.16015625
1 0.3453125 0.56982421875 0.0546875 0.1689453125
1 0.34101562500000004 0.7646484375 0.057031250000000006 0.177734375
2 0.33984375 0.3681640625 0.26875 0.05859375
2 0.33203125 0.52783203125 0.290625 0.0517578125
2 0.340625 0.7412109375 0.29531250000000003 0.044921875
0 0.42617187500000003 0.4150390625 0.07421875 0.115234375
0 0.42812500000000003 0.22314453125 0.08125 0.1162109375
0 0.264453125 0.21826171875 0.07109375 0.1103515625
0 0.2515625 0.39990234375 0.078125 0.1044921875
0 0.246484375 0.61572265625 0.08515625 0.1337890625
0 0.43671875000000004 0.62744140625 0.07500000000000001 0.1494140625
