2 0.4 0.0625 0.2625 0.033203125
2 0.38593750000000004 0.251953125 0.27968750000000003 0.029296875
2 0.37109375 0.45654296875 0.296875 0.0537109375
2 0.38007812500000004 0.5322265625 0.29296875 0.033203125
2 0.38710937500000003 0.716796875 0.30703125000000003 0.041015625
1 0.39453125 0.20654296875 0.0484375 0.1298828125
1 0.38320312500000003 0.412109375 0.04453125 0.146484375
1 0.3828125 0.65087890625 0.060937500000000006 0.1884765625
1 0.369140625 0.87548828125 0.05859375 0.1669921875
0 0.30781250000000004 0.1416015625 0.0671875 0.119140625
0 0.48671875000000003 0.1337890625 0.0671875 0.12890625
0 0.29921875000000003 0.35009765625 0.065625 0.1220703125
0 0.29609375 0.58447265625 0.059375000000000004 0.1083984375
0 0.28164062500000003 0.8232421875 0.06484375 0.123046875
0 0.483984375 0.591796875 0.06015625 0.109375
0 0.48125 0.83984375 0.0734375 0.111328125
