2 0.33242187500000003 0.29541015625 0.20078125000000002 0.0302734375
2 0.330078125 0.4912109375 0.28359375000000003 0.0234375
2 0.32851562500000003 0.681640625 0.27109375 0.03125
2 0.318359375 0.7890625 0.23359375000000002 0.025390625
1 0.34296875000000004 0.06591796875 0.0484375 0.1220703125
1 0.33984375 0.20703125 0.0578125 0.146484375
1 0.33125000000000004 0.39697265625 0.059375000000000004 0.1533203125
1 0.334765625 0.65771484375 0.055468750000000004 0.1630859375
1 0.338671875 0.91015625 0.06484375 0.158203125
0 0.24375000000000002 0.13720703125 0.07500000000000001 0.1416015625
0 0.436328125 0.12353515625 0.06796875000000001 0.1396484375
0 0.440234375 0.36279296875 0.06953125 0.1376953125
0 0.228515625 0.3544921875 0.06953125 0.15625
0 0.23750000000000002 0.58056640625 0.078125 0.1298828125
0 0.4375 0.58837890625 0.0703125 0.1318359375
0 0.44140625 0.84716796875 0.0765625 0.1318359375
