1 0.415625 0.14794921875 0.037500000000000006 0.1474609375
1 0.41054687500000003 0.35009765625 0.041406250000000006 0.1552734375
1 0.41132812500000004 0.54443359375 0.041406250000000006 0.1552734375
0 0.33125000000000004 0.27099609375 0.0421875 0.1103515625
0 0.49062500000000003 0.27783203125 0.034375 0.0947265625
0 0.5 0.05419921875 0.037500000000000006 0.0771484375
0 0.33828125000000003 0.05224609375 0.043750000000000004 0.0908203125
2 0.419921875 0.15771484375 0.23359375000000002 0.0302734375
2 0.41015625 0.40283203125 0.23750000000000002 0.0341796875
0 0.487890625 0.48876953125 0.03671875 0.1005859375
