2 0.405859375 0.126953125 0.21015625000000002 0.0390625
2 0.39921875 0.3154296875 0.2265625 0.025390625
1 0.398046875 0.10546875 0.04453125 0.150390625
1 0.39375000000000004 0.283203125 0.035937500000000004 0.130859375
1 0.3984375 0.49365234375 0.040625 0.1533203125
0 0.32460937500000003 0.19580078125 0.03359375 0.1064453125
0 0.47734375 0.19580078125 0.029687500000000002 0.1005859375
0 0.32148437500000004 0.4189453125 0.03671875 0.09765625
0 0.31953125000000004 0.63916015625 0.0390625 0.0849609375
1 0.398046875 0.693359375 0.032031250000000004 0.14453125
2 0.3875 0.51953125 0.21250000000000002 0.0546875
2 0.45390625 0.9375 0.2671875 0.0625
