1 0.129296875 0.49609375 0.11640625 0.052734375
1 0.28359375000000003 0.49072265625 0.1234375 0.0615234375
1 0.43593750000000003 0.48974609375 0.11093750000000001 0.0537109375
0 0.05 0.40087890625 0.08125 0.0673828125
0 0.224609375 0.39599609375 0.08984375 0.0556640625
0 0.22421875000000002 0.58984375 0.07500000000000001 0.048828125
0 0.3953125 0.3974609375 0.0734375 0.048828125
2 0.14375000000000002 0.4990234375 0.026562500000000003 0.2890625
2 0.32578125 0.49755859375 0.0203125 0.2802734375
0 0.39179687500000004 0.58056640625 0.06953125 0.0439453125
0 0.05078125 0.60107421875 0.0765625 0.0537109375
