1 0.434375 0.15869140625 0.040625 0.1572265625
1 0.42734375 0.35302734375 0.043750000000000004 0.1591796875
1 0.427734375 0.5595703125 0.041406250000000006 0.158203125
0 0.358984375 0.05224609375 0.055468750000000004 0.0869140625
0 0.532421875 0.060546875 0.039843750000000004 0.072265625
0 0.5203125000000001 0.279296875 0.03125 0.1015625
0 0.35664062500000004 0.27587890625 0.03515625 0.1123046875
0 0.517578125 0.50390625 0.03671875 0.091796875
2 0.45742187500000003 0.16064453125 0.24921875000000002 0.0361328125
2 0.44375000000000003 0.4091796875 0.24375000000000002 0.02734375
