2 0.45234375000000004 0.0537109375 0.278125 0.029296875
2 0.44843750000000004 0.10498046875 0.259375 0.0322265625
2 0.443359375 0.27392578125 0.26484375 0.0322265625
2 0.43984375000000003 0.32568359375 0.2609375 0.0400390625
2 0.43125 0.65576171875 0.2765625 0.0341796875
2 0.42890625000000004 0.71923828125 0.2765625 0.0380859375
2 0.42265625 0.896484375 0.30312500000000003 0.056640625
1 0.43125 0.080078125 0.045312500000000006 0.125
1 0.41796875 0.28759765625 0.043750000000000004 0.1298828125
1 0.40937500000000004 0.478515625 0.040625 0.154296875
1 0.39492187500000003 0.6708984375 0.049218750000000006 0.146484375
1 0.38789062500000004 0.86376953125 0.057031250000000006 0.1787109375
0 0.354296875 0.177734375 0.041406250000000006 0.10546875
0 0.516015625 0.1943359375 0.04453125 0.095703125
0 0.5140625 0.3935546875 0.043750000000000004 0.119140625
0 0.34101562500000004 0.37451171875 0.047656250000000004 0.1044921875
0 0.334765625 0.56494140625 0.04609375 0.0869140625
0 0.505078125 0.5771484375 0.047656250000000004 0.115234375
0 0.494140625 0.78515625 0.05234375 0.1015625
0 0.31484375000000003 0.775390625 0.051562500000000004 0.099609375
