2 0.147265625 0.5546875 0.030468750000000003 0.2421875
2 0.19257812500000002 0.556640625 0.041406250000000006 0.279296875
2 0.31562500000000004 0.55908203125 0.040625 0.3037109375
2 0.353515625 0.55517578125 0.032031250000000004 0.3076171875
2 0.46796875000000004 0.55029296875 0.0390625 0.2919921875
0 0.11679687500000001 0.45947265625 0.05390625 0.0576171875
0 0.26328125 0.44921875 0.0578125 0.060546875
0 0.40156250000000004 0.431640625 0.0625 0.060546875
0 0.10078125 0.6494140625 0.059375000000000004 0.05078125
0 0.252734375 0.66796875 0.06015625 0.06640625
0 0.401171875 0.69921875 0.07578125000000001 0.08203125
1 0.0765625 0.54248046875 0.096875 0.0537109375
1 0.209765625 0.55224609375 0.13515625 0.0517578125
1 0.33710937500000004 0.55712890625 0.09453125000000001 0.0537109375
1 0.480078125 0.564453125 0.10859375 0.0546875
