0 0.11289062500000001 0.3896484375 0.08984375 0.091796875
0 0.095703125 0.61669921875 0.09765625 0.0908203125
0 0.26875 0.63623046875 0.1046875 0.0712890625
0 0.46875 0.41064453125 0.0859375 0.0693359375
0 0.456640625 0.64892578125 0.08671875000000001 0.0751953125
1 0.15156250000000002 0.50927734375 0.1 0.0556640625
1 0.333984375 0.53076171875 0.13046875 0.0576171875
1 0.511328125 0.5380859375 0.14453125 0.064453125
1 0.689453125 0.55859375 0.11953125 0.068359375
2 0.043750000000000004 0.51123046875 0.03125 0.3349609375
2 0.19296875000000002 0.51611328125 0.035937500000000004 0.3564453125
2 0.35664062500000004 0.5244140625 0.032031250000000004 0.34765625
2 0.56953125 0.52783203125 0.040625 0.3837890625
