2 0.397265625 0.05908203125 0.23828125 0.0341796875
2 0.39921875 0.10595703125 0.2578125 0.0380859375
2 0.39492187500000003 0.27880859375 0.26953125 0.0322265625
2 0.394140625 0.478515625 0.27421875 0.0390625
2 0.396484375 0.5390625 0.27421875 0.03515625
2 0.39101562500000003 0.7236328125 0.31015625 0.033203125
1 0.404296875 0.08447265625 0.041406250000000006 0.1142578125
1 0.394140625 0.2431640625 0.04296875 0.111328125
1 0.38984375000000004 0.439453125 0.046875 0.15625
1 0.3921875 0.66455078125 0.06406250000000001 0.1865234375
1 0.381640625 0.8779296875 0.05078125 0.146484375
0 0.312109375 0.1728515625 0.06328125 0.123046875
0 0.4859375 0.16943359375 0.06406250000000001 0.1220703125
0 0.474609375 0.38525390625 0.04609375 0.0966796875
0 0.312109375 0.38623046875 0.05078125 0.1025390625
0 0.31289062500000003 0.599609375 0.055468750000000004 0.107421875
0 0.48750000000000004 0.5986328125 0.060937500000000006 0.10546875
0 0.49140625000000004 0.83544921875 0.06875 0.1025390625
0 0.3046875 0.83056640625 0.0625 0.1005859375
