1 0.125 0.45703125 0.1453125 0.0703125
1 0.258984375 0.45166015625 0.11953125 0.0693359375
1 0.408984375 0.44287109375 0.13984375000000002 0.0693359375
1 0.5984375000000001 0.44482421875 0.1390625 0.0615234375
2 0.10507812500000001 0.45849609375 0.03671875 0.3564453125
2 0.26210937500000003 0.451171875 0.032031250000000004 0.376953125
0 0.343359375 0.32373046875 0.11640625 0.1044921875
0 0.50625 0.3291015625 0.10312500000000001 0.10546875
0 0.33710937500000004 0.5810546875 0.12421875 0.087890625
0 0.511328125 0.5888671875 0.11015625000000001 0.0859375
0 0.706640625 0.59814453125 0.11171875 0.0986328125
0 0.7019531250000001 0.3095703125 0.10390625 0.09375
2 0.15976562500000002 0.4638671875 0.02734375 0.36328125
