2 0.37890625 0.17138671875 0.22812500000000002 0.0224609375
2 0.378515625 0.21142578125 0.21171875 0.0205078125
2 0.3828125 0.34716796875 0.23125 0.0263671875
2 0.37343750000000003 0.04248046875 0.209375 0.0263671875
2 0.38515625000000003 0.671875 0.234375 0.029296875
2 0.401171875 0.72412109375 0.24765625000000002 0.0341796875
2 0.41835937500000003 0.87060546875 0.26328125 0.0419921875
1 0.394140625 0.17919921875 0.03515625 0.1123046875
1 0.4 0.349609375 0.034375 0.1015625
1 0.41835937500000003 0.69384765625 0.04609375 0.1455078125
1 0.4234375 0.84765625 0.046875 0.14453125
0 0.451953125 0.08544921875 0.04609375 0.0986328125
0 0.312109375 0.08349609375 0.049218750000000006 0.0966796875
0 0.31289062500000003 0.27490234375 0.05078125 0.0908203125
0 0.45742187500000003 0.27197265625 0.03828125 0.0771484375
0 0.48554687500000004 0.7685546875 0.047656250000000004 0.0859375
0 0.333984375 0.77734375 0.04609375 0.08984375
1 0.42500000000000004 0.96044921875 0.035937500000000004 0.0732421875
