0 0.32148437500000004 0.17333984375 0.06171875 0.1142578125
0 0.314453125 0.37841796875 0.05078125 0.1162109375
0 0.31328125 0.6005859375 0.053125000000000006 0.115234375
0 0.307421875 0.83349609375 0.06484375 0.1044921875
0 0.48867187500000003 0.177734375 0.06328125 0.123046875
0 0.47890625000000003 0.38134765625 0.051562500000000004 0.0888671875
0 0.49140625000000004 0.591796875 0.05625 0.10546875
0 0.49062500000000003 0.830078125 0.06406250000000001 0.10546875
1 0.40625 0.08154296875 0.0484375 0.1162109375
1 0.39765625000000004 0.24560546875 0.0484375 0.1083984375
1 0.392578125 0.44677734375 0.04609375 0.1474609375
1 0.398046875 0.66796875 0.04609375 0.169921875
1 0.38906250000000003 0.8681640625 0.043750000000000004 0.138671875
2 0.405859375 0.05810546875 0.24140625000000002 0.0361328125
2 0.403125 0.1064453125 0.24531250000000002 0.03125
2 0.39609375 0.27587890625 0.25 0.0380859375
2 0.39609375 0.474609375 0.259375 0.041015625
2 0.401953125 0.54345703125 0.26328125 0.0322265625
2 0.400390625 0.724609375 0.29296875 0.03125
