2 0.42500000000000004 0.0322265625 0.2078125 0.029296875
2 0.42734375 0.07666015625 0.2265625 0.0322265625
2 0.4234375 0.23583984375 0.2515625 0.0341796875
2 0.420703125 0.421875 0.25703125 0.037109375
2 0.41718750000000004 0.486328125 0.253125 0.046875
2 0.419921875 0.6484375 0.25078125 0.041015625
1 0.43203125000000003 0.048828125 0.0390625 0.08984375
1 0.421875 0.1953125 0.045312500000000006 0.09765625
1 0.412890625 0.3935546875 0.039843750000000004 0.146484375
1 0.41445312500000003 0.5947265625 0.047656250000000004 0.177734375
1 0.40625 0.796875 0.043750000000000004 0.15625
0 0.34687500000000004 0.13671875 0.0578125 0.103515625
0 0.509375 0.1328125 0.0578125 0.115234375
0 0.33984375 0.3330078125 0.05 0.115234375
0 0.3359375 0.52978515625 0.060937500000000006 0.0888671875
0 0.504296875 0.53515625 0.055468750000000004 0.09375
0 0.505078125 0.748046875 0.06640625 0.099609375
0 0.327734375 0.74609375 0.07421875 0.095703125
2 0.41171875 0.89404296875 0.20468750000000002 0.0478515625
