2 0.34453125 0.47998046875 0.018750000000000003 0.2783203125
2 0.20820312500000002 0.48779296875 0.02890625 0.2587890625
1 0.31093750000000003 0.4853515625 0.1078125 0.048828125
1 0.467578125 0.48046875 0.09140625000000001 0.04296875
1 0.75546875 0.521484375 0.07968750000000001 0.0546875
1 0.16757812500000002 0.4921875 0.11015625000000001 0.052734375
0 0.074609375 0.39892578125 0.08515625 0.0458984375
0 0.07578125000000001 0.59619140625 0.0921875 0.0498046875
0 0.246484375 0.38916015625 0.08515625 0.0498046875
0 0.2484375 0.5849609375 0.0859375 0.048828125
0 0.425390625 0.57861328125 0.06953125 0.0498046875
