1 0.355078125 0.068359375 0.05234375 0.134765625
1 0.34804687500000003 0.22265625 0.05859375 0.16015625
1 0.337890625 0.39892578125 0.057031250000000006 0.1826171875
1 0.34609375000000003 0.64404296875 0.059375000000000004 0.1865234375
1 0.349609375 0.89013671875 0.06171875 0.1708984375
2 0.34140625 0.29248046875 0.1921875 0.0322265625
2 0.33710937500000004 0.484375 0.31015625 0.033203125
2 0.35234375 0.67041015625 0.253125 0.0302734375
2 0.35585937500000003 0.775390625 0.24453125 0.03515625
0 0.444140625 0.12451171875 0.06953125 0.1220703125
0 0.24296875 0.34814453125 0.0671875 0.1474609375
0 0.444921875 0.35595703125 0.06953125 0.1220703125
0 0.446875 0.580078125 0.07500000000000001 0.134765625
0 0.2515625 0.56787109375 0.0703125 0.1318359375
0 0.44765625000000003 0.8388671875 0.08125 0.130859375
