2 0.428515625 0.080078125 0.22421875000000002 0.03125
2 0.42812500000000003 0.21923828125 0.25 0.0302734375
2 0.42578125 0.263671875 0.24531250000000002 0.025390625
2 0.420703125 0.4111328125 0.24609375 0.03125
2 0.409765625 0.77490234375 0.26796875000000003 0.0419921875
2 0.398046875 0.83154296875 0.24609375 0.0419921875
1 0.41054687500000003 0.2294921875 0.03671875 0.11328125
1 0.4 0.41650390625 0.029687500000000002 0.1337890625
1 0.39609375 0.609375 0.03125 0.14453125
1 0.38398437500000004 0.77685546875 0.041406250000000006 0.1279296875
1 0.381640625 0.93701171875 0.05078125 0.1240234375
0 0.34609375000000003 0.123046875 0.053125000000000006 0.095703125
0 0.49648437500000003 0.12890625 0.05390625 0.09765625
0 0.49296875 0.3330078125 0.0421875 0.076171875
0 0.32734375000000004 0.5087890625 0.053125000000000006 0.111328125
0 0.47773437500000004 0.89453125 0.05390625 0.087890625
0 0.304296875 0.8740234375 0.05234375 0.09765625
