0 0.19375 0.6181640625 0.06875 0.107421875
0 0.37031250000000004 0.61376953125 0.0890625 0.1181640625
1 0.284375 0.4248046875 0.0421875 0.158203125
1 0.28515625 0.765625 0.05 0.171875
1 0.283984375 0.59326171875 0.047656250000000004 0.1650390625
2 0.284765625 0.728515625 0.17265625 0.021484375
2 0.2484375 0.42724609375 0.14375000000000002 0.0263671875
0 0.34140625 0.453125 0.051562500000000004 0.11328125
0 0.338671875 0.26806640625 0.04453125 0.1064453125
0 0.19843750000000002 0.44482421875 0.051562500000000004 0.0986328125
