0 0.052734375 0.474609375 0.08984375 0.083984375
0 0.232421875 0.4384765625 0.08359375000000001 0.078125
0 0.40078125000000003 0.45458984375 0.06875 0.0869140625
0 0.5300781250000001 0.43408203125 0.07734375 0.0908203125
0 0.53046875 0.73583984375 0.0859375 0.0869140625
0 0.38320312500000003 0.72265625 0.07734375 0.078125
0 0.22382812500000002 0.67919921875 0.06640625 0.0712890625
1 0.135546875 0.5986328125 0.10859375 0.0546875
1 0.30585937500000004 0.59326171875 0.12265625000000001 0.0615234375
1 0.441015625 0.60693359375 0.12421875 0.0791015625
1 0.577734375 0.60302734375 0.12109375 0.0595703125
2 0.137109375 0.5654296875 0.05390625 0.4140625
2 0.18359375 0.5693359375 0.037500000000000006 0.4296875
2 0.318359375 0.57666015625 0.03515625 0.4501953125
2 0.34453125 0.58984375 0.045312500000000006 0.4296875
2 0.48828125 0.5888671875 0.045312500000000006 0.45703125
2 0.6421875 0.57568359375 0.046875 0.4443359375
