2 0.39921875 0.17529296875 0.215625 0.0341796875
2 0.39492187500000003 0.23388671875 0.20234375000000002 0.0283203125
2 0.390234375 0.39794921875 0.21796875000000002 0.0302734375
1 0.390625 0.35595703125 0.0421875 0.1572265625
1 0.386328125 0.54296875 0.03515625 0.150390625
1 0.39140625 0.70166015625 0.035937500000000004 0.1005859375
1 0.421875 0.91455078125 0.060937500000000006 0.1435546875
0 0.46406250000000004 0.27978515625 0.034375 0.0947265625
0 0.318359375 0.27783203125 0.039843750000000004 0.1083984375
0 0.31093750000000003 0.48583984375 0.043750000000000004 0.0888671875
