2 0.044140625 0.498046875 0.025781250000000002 0.302734375
2 0.083203125 0.49658203125 0.03359375 0.3154296875
2 0.22421875000000002 0.482421875 0.025 0.3515625
2 0.37929687500000003 0.486328125 0.039843750000000004 0.357421875
2 0.436328125 0.49853515625 0.02890625 0.3564453125
2 0.573828125 0.4921875 0.030468750000000003 0.369140625
1 0.06992187500000001 0.5078125 0.09609375 0.060546875
1 0.19843750000000002 0.4951171875 0.0890625 0.064453125
1 0.35234375 0.48681640625 0.1203125 0.0517578125
1 0.531640625 0.4892578125 0.13359375 0.0625
1 0.7074218750000001 0.4765625 0.12421875 0.072265625
0 0.14140625 0.388671875 0.1046875 0.08203125
0 0.140625 0.6005859375 0.0921875 0.076171875
0 0.306640625 0.595703125 0.08203125 0.06640625
0 0.303515625 0.38818359375 0.08515625 0.0751953125
0 0.4734375 0.38671875 0.08750000000000001 0.080078125
0 0.47773437500000004 0.61083984375 0.08671875000000001 0.0869140625
0 0.662109375 0.6162109375 0.09140625000000001 0.08984375
0 0.66328125 0.376953125 0.084375 0.083984375
