0 0.34804687500000003 0.310546875 0.12578125 0.095703125
0 0.34882812500000004 0.5703125 0.11328125 0.09375
0 0.532421875 0.57421875 0.11484375000000001 0.091796875
0 0.53046875 0.3056640625 0.09531250000000001 0.107421875
0 0.17695312500000002 0.32275390625 0.10546875 0.0947265625
0 0.151171875 0.56787109375 0.08359375000000001 0.0869140625
1 0.10429687500000001 0.44580078125 0.16015625 0.0732421875
1 0.25234375000000003 0.44091796875 0.1484375 0.0712890625
1 0.393359375 0.43603515625 0.13828125 0.0673828125
1 0.603515625 0.443359375 0.13984375000000002 0.072265625
2 0.290234375 0.43603515625 0.02421875 0.2626953125
2 0.455859375 0.43701171875 0.022656250000000003 0.4091796875
2 0.602734375 0.4287109375 0.032031250000000004 0.337890625
2 0.691015625 0.44384765625 0.025781250000000002 0.3525390625
