0 0.4375 0.13037109375 0.07187500000000001 0.1533203125
0 0.24453125 0.12841796875 0.0734375 0.1455078125
0 0.23164062500000002 0.3564453125 0.08046875 0.154296875
0 0.434375 0.365234375 0.0703125 0.134765625
0 0.43828125 0.59033203125 0.06406250000000001 0.1220703125
0 0.23750000000000002 0.57861328125 0.07968750000000001 0.1396484375
1 0.343359375 0.06298828125 0.049218750000000006 0.1064453125
1 0.338671875 0.2119140625 0.05390625 0.150390625
1 0.33046875000000003 0.408203125 0.060937500000000006 0.16796875
1 0.33515625000000004 0.6650390625 0.05625 0.1875
1 0.33828125000000003 0.90966796875 0.059375000000000004 0.1689453125
2 0.3328125 0.29931640625 0.19375 0.0341796875
2 0.34140625 0.4921875 0.2890625 0.033203125
2 0.33359375 0.6806640625 0.2609375 0.03515625
2 0.31484375000000003 0.787109375 0.2109375 0.03125
0 0.4421875 0.85009765625 0.0765625 0.1357421875
