1 0.35234375 0.1240234375 0.046875 0.1484375
1 0.34765625 0.28271484375 0.05625 0.1591796875
1 0.35625 0.48681640625 0.0578125 0.1669921875
1 0.350390625 0.7060546875 0.06640625 0.185546875
1 0.351171875 0.8896484375 0.055468750000000004 0.16015625
0 0.24921875000000002 0.53759765625 0.084375 0.1376953125
0 0.255078125 0.31591796875 0.07890625000000001 0.1396484375
0 0.44375000000000003 0.31201171875 0.084375 0.1494140625
0 0.441015625 0.11376953125 0.08359375000000001 0.1181640625
2 0.3453125 0.27001953125 0.2765625 0.0654296875
2 0.34101562500000004 0.43505859375 0.28984375 0.0419921875
2 0.34687500000000004 0.6689453125 0.32343750000000004 0.048828125
