2 0.404296875 0.18505859375 0.23359375000000002 0.0263671875
2 0.408203125 0.24169921875 0.21484375 0.0224609375
2 0.41171875 0.41552734375 0.22187500000000002 0.0244140625
1 0.40703125 0.171875 0.040625 0.1328125
1 0.412890625 0.35693359375 0.047656250000000004 0.1474609375
1 0.41523437500000004 0.55224609375 0.039843750000000004 0.1494140625
0 0.321875 0.072265625 0.037500000000000006 0.109375
0 0.487890625 0.06494140625 0.06328125 0.1025390625
0 0.48515625 0.28662109375 0.0390625 0.1064453125
0 0.330859375 0.2900390625 0.039843750000000004 0.107421875
2 0.41875 0.6220703125 0.2328125 0.033203125
