2 0.40703125 0.1806640625 0.2390625 0.025390625
2 0.40390625 0.23974609375 0.2234375 0.0263671875
2 0.39687500000000003 0.4169921875 0.234375 0.025390625
1 0.40273437500000003 0.158203125 0.03671875 0.125
1 0.40156250000000004 0.3564453125 0.0390625 0.15625
1 0.398046875 0.5654296875 0.03828125 0.1484375
0 0.31679687500000003 0.0634765625 0.06015625 0.09375
0 0.4921875 0.06396484375 0.051562500000000004 0.0986328125
0 0.48085937500000003 0.28564453125 0.03671875 0.1044921875
0 0.322265625 0.28564453125 0.041406250000000006 0.1103515625
0 0.32343750000000004 0.51611328125 0.037500000000000006 0.0849609375
0 0.47578125000000004 0.50927734375 0.0328125 0.0908203125
