0 0.31562500000000004 0.17041015625 0.0546875 0.1298828125
0 0.31328125 0.37890625 0.053125000000000006 0.1171875
0 0.31171875000000004 0.59814453125 0.053125000000000006 0.0986328125
0 0.30625 0.8271484375 0.06406250000000001 0.1015625
0 0.498828125 0.83642578125 0.06640625 0.1044921875
0 0.4890625 0.6005859375 0.051562500000000004 0.1015625
0 0.47421875 0.37939453125 0.053125000000000006 0.1025390625
0 0.48554687500000004 0.1845703125 0.057031250000000006 0.107421875
2 0.3984375 0.064453125 0.23750000000000002 0.03515625
2 0.40351562500000004 0.10986328125 0.26328125 0.0380859375
2 0.39453125 0.283203125 0.2578125 0.03125
2 0.3984375 0.3271484375 0.2609375 0.033203125
2 0.39570312500000004 0.47900390625 0.27734375 0.0458984375
2 0.39765625000000004 0.72314453125 0.2921875 0.0380859375
2 0.394140625 0.546875 0.27421875 0.03125
1 0.405078125 0.078125 0.039843750000000004 0.115234375
1 0.398046875 0.2470703125 0.049218750000000006 0.111328125
1 0.39140625 0.4443359375 0.0421875 0.14453125
1 0.39492187500000003 0.6669921875 0.049218750000000006 0.171875
1 0.390234375 0.87939453125 0.04609375 0.1552734375
