0 0.217578125 0.36474609375 0.07265625 0.1220703125
0 0.06171875 0.35888671875 0.0671875 0.1181640625
0 0.052734375 0.55615234375 0.06484375 0.1103515625
0 0.2171875 0.56201171875 0.060937500000000006 0.1103515625
0 0.23359375000000002 0.755859375 0.0734375 0.109375
1 0.13984375000000002 0.46484375 0.045312500000000006 0.119140625
1 0.13671875 0.611328125 0.0484375 0.119140625
1 0.126953125 0.78515625 0.039843750000000004 0.123046875
2 0.152734375 0.265625 0.20703125 0.03125
2 0.13828125 0.4560546875 0.2546875 0.033203125
2 0.1375 0.50439453125 0.2609375 0.0341796875
2 0.151171875 0.6728515625 0.24296875 0.029296875
2 0.209375 0.86083984375 0.1375 0.0361328125
