0 0.259765625 0.20166015625 0.07578125000000001 0.1376953125
0 0.45078125 0.20361328125 0.07187500000000001 0.1416015625
0 0.44960937500000003 0.43310546875 0.07421875 0.1396484375
0 0.24531250000000002 0.43896484375 0.08281250000000001 0.1513671875
0 0.24609375 0.6572265625 0.084375 0.125
0 0.455859375 0.66650390625 0.07421875 0.1376953125
1 0.35625 0.13330078125 0.051562500000000004 0.1904296875
1 0.35000000000000003 0.29931640625 0.0546875 0.1357421875
1 0.342578125 0.48291015625 0.055468750000000004 0.1865234375
1 0.351171875 0.74853515625 0.057031250000000006 0.1865234375
2 0.345703125 0.3583984375 0.28359375000000003 0.033203125
2 0.34765625 0.56787109375 0.31875000000000003 0.0244140625
2 0.3359375 0.75439453125 0.284375 0.0302734375
2 0.33710937500000004 0.86376953125 0.27265625 0.0361328125
0 0.46484375 0.935546875 0.0703125 0.107421875
