1 0.427734375 0.0556640625 0.03515625 0.107421875
1 0.41875 0.2490234375 0.0390625 0.14453125
1 0.40742187500000004 0.42431640625 0.04453125 0.1416015625
1 0.393359375 0.60791015625 0.04296875 0.1552734375
1 0.3875 0.77734375 0.05 0.15625
1 0.38984375000000004 0.9248046875 0.040625 0.123046875
0 0.51015625 0.1591796875 0.0390625 0.087890625
0 0.49843750000000003 0.3408203125 0.043750000000000004 0.103515625
0 0.494921875 0.509765625 0.04609375 0.1171875
0 0.482421875 0.69677734375 0.047656250000000004 0.1005859375
0 0.35000000000000003 0.13427734375 0.053125000000000006 0.1123046875
0 0.334765625 0.3193359375 0.06640625 0.115234375
0 0.33437500000000003 0.4951171875 0.0484375 0.107421875
0 0.315234375 0.6826171875 0.047656250000000004 0.1171875
2 0.43867187500000004 0.07568359375 0.24453125 0.0283203125
2 0.43789062500000003 0.2275390625 0.24765625000000002 0.044921875
2 0.4234375 0.44970703125 0.21406250000000002 0.0322265625
2 0.423828125 0.57763671875 0.25078125 0.0361328125
2 0.42695312500000004 0.64013671875 0.26640625 0.0361328125
2 0.40625 0.7998046875 0.275 0.05859375
