0 0.25820312500000003 0.1875 0.07421875 0.134765625
0 0.45078125 0.17724609375 0.0765625 0.1162109375
0 0.452734375 0.42138671875 0.07578125000000001 0.1376953125
0 0.23984375000000002 0.41796875 0.0859375 0.146484375
0 0.25 0.63720703125 0.07500000000000001 0.1298828125
0 0.451171875 0.6455078125 0.06796875000000001 0.142578125
0 0.45742187500000003 0.91064453125 0.07890625000000001 0.1416015625
1 0.35195312500000003 0.1240234375 0.055468750000000004 0.1875
1 0.349609375 0.30224609375 0.047656250000000004 0.1669921875
1 0.342578125 0.484375 0.055468750000000004 0.189453125
1 0.351171875 0.73193359375 0.055468750000000004 0.1748046875
1 0.34765625 0.94384765625 0.0421875 0.1005859375
2 0.350390625 0.345703125 0.30390625000000004 0.033203125
2 0.347265625 0.5478515625 0.32265625000000003 0.029296875
2 0.35078125000000004 0.72509765625 0.2484375 0.0244140625
2 0.318359375 0.84033203125 0.22578125000000002 0.0322265625
