0 0.10429687500000001 0.546875 0.12265625000000001 0.08984375
0 0.102734375 0.3056640625 0.11640625 0.091796875
0 0.28515625 0.28955078125 0.1234375 0.1005859375
0 0.2921875 0.54296875 0.1078125 0.087890625
0 0.472265625 0.5478515625 0.09765625 0.080078125
0 0.462890625 0.296875 0.11171875 0.099609375
1 0.050390625 0.42919921875 0.08515625 0.0615234375
1 0.16953125000000002 0.42333984375 0.1203125 0.0673828125
1 0.32656250000000003 0.4130859375 0.134375 0.076171875
1 0.5320312500000001 0.4189453125 0.15000000000000002 0.0703125
1 0.727734375 0.4228515625 0.13515625 0.07421875
2 0.23945312500000002 0.416015625 0.02734375 0.2421875
2 0.39375000000000004 0.4267578125 0.026562500000000003 0.361328125
2 0.54453125 0.4169921875 0.028125 0.326171875
2 0.6296875000000001 0.3935546875 0.025 0.263671875
0 0.6800781250000001 0.552734375 0.10859375 0.095703125
