1 0.09921875000000001 0.6474609375 0.125 0.07421875
1 0.23398437500000002 0.615234375 0.12578125 0.060546875
1 0.37421875000000004 0.5869140625 0.15156250000000002 0.0546875
1 0.505078125 0.57958984375 0.11328125 0.0673828125
2 0.20234375000000002 0.6298828125 0.0625 0.330078125
2 0.33671875 0.59326171875 0.060937500000000006 0.3544921875
2 0.39492187500000003 0.58251953125 0.05390625 0.3837890625
2 0.519140625 0.56689453125 0.06796875000000001 0.3388671875
0 0.098046875 0.54248046875 0.08671875000000001 0.0791015625
0 0.11875000000000001 0.75244140625 0.08750000000000001 0.0830078125
0 0.27265625 0.7333984375 0.09062500000000001 0.080078125
0 0.252734375 0.48828125 0.08984375 0.08984375
0 0.417578125 0.43701171875 0.07890625000000001 0.0927734375
0 0.43984375000000003 0.72607421875 0.08750000000000001 0.0869140625
