2 0.4421875 0.08056640625 0.25 0.0322265625
2 0.43671875000000004 0.2294921875 0.24531250000000002 0.0390625
2 0.42695312500000004 0.2822265625 0.24453125 0.041015625
2 0.421484375 0.58447265625 0.25546875 0.0302734375
2 0.423828125 0.64453125 0.25078125 0.03515625
2 0.41328125000000004 0.8046875 0.2703125 0.0625
1 0.42578125 0.06494140625 0.0390625 0.1240234375
1 0.41484375 0.25732421875 0.0421875 0.1318359375
1 0.404296875 0.43408203125 0.041406250000000006 0.1357421875
1 0.38906250000000003 0.61376953125 0.040625 0.1376953125
1 0.38671875 0.783203125 0.051562500000000004 0.14453125
1 0.38710937500000003 0.9267578125 0.041406250000000006 0.123046875
0 0.34921875 0.1552734375 0.043750000000000004 0.09375
0 0.505078125 0.162109375 0.041406250000000006 0.087890625
0 0.49765625 0.3505859375 0.043750000000000004 0.1171875
0 0.345703125 0.33935546875 0.03828125 0.0966796875
0 0.491015625 0.51904296875 0.049218750000000006 0.1064453125
0 0.33046875000000003 0.5048828125 0.053125000000000006 0.1015625
0 0.31484375000000003 0.6962890625 0.0421875 0.107421875
0 0.4765625 0.70654296875 0.0578125 0.1025390625
