2 0.0390625 0.55810546875 0.021875000000000002 0.3134765625
2 0.083203125 0.56005859375 0.02734375 0.3173828125
2 0.217578125 0.5517578125 0.03359375 0.337890625
2 0.258984375 0.54736328125 0.02890625 0.3271484375
2 0.525 0.54638671875 0.028125 0.3505859375
2 0.578515625 0.54052734375 0.039843750000000004 0.3564453125
2 0.7175781250000001 0.52294921875 0.05078125 0.3798828125
1 0.062890625 0.54052734375 0.11328125 0.0478515625
1 0.23359375000000002 0.52587890625 0.1078125 0.0458984375
1 0.390625 0.5107421875 0.11406250000000001 0.060546875
1 0.5453125 0.49755859375 0.13125 0.0654296875
1 0.6957031250000001 0.4833984375 0.14453125 0.0703125
0 0.15781250000000002 0.650390625 0.07187500000000001 0.05078125
0 0.30859375 0.6396484375 0.09843750000000001 0.052734375
0 0.30312500000000003 0.4267578125 0.084375 0.05859375
0 0.452734375 0.41748046875 0.09140625000000001 0.0615234375
0 0.46171875 0.6357421875 0.0921875 0.0625
0 0.6273437500000001 0.623046875 0.07968750000000001 0.05859375
0 0.6195312500000001 0.392578125 0.08281250000000001 0.068359375
0 0.148828125 0.4384765625 0.08203125 0.05859375
