1 0.062890625 0.50439453125 0.08203125 0.0537109375
1 0.19648437500000002 0.4990234375 0.09140625000000001 0.0546875
1 0.355078125 0.48828125 0.13828125 0.068359375
1 0.5320312500000001 0.49169921875 0.1453125 0.0712890625
1 0.6996093750000001 0.48779296875 0.12890625 0.0654296875
0 0.1375 0.3876953125 0.09531250000000001 0.08203125
0 0.30585937500000004 0.38720703125 0.09140625000000001 0.0751953125
0 0.48125 0.384765625 0.08281250000000001 0.083984375
0 0.663671875 0.37744140625 0.08515625 0.0830078125
0 0.134375 0.60791015625 0.1015625 0.0751953125
0 0.30507812500000003 0.59521484375 0.09609375 0.0615234375
0 0.48164062500000004 0.60986328125 0.09453125000000001 0.0712890625
0 0.6707031250000001 0.61767578125 0.09296875 0.0810546875
2 0.045703125000000004 0.4970703125 0.02734375 0.298828125
2 0.083203125 0.4951171875 0.02890625 0.318359375
2 0.221484375 0.49267578125 0.02890625 0.3447265625
2 0.260546875 0.490234375 0.022656250000000003 0.34375
2 0.377734375 0.4873046875 0.032031250000000004 0.341796875
2 0.434375 0.48095703125 0.026562500000000003 0.3681640625
2 0.576171875 0.49365234375 0.03828125 0.3662109375
