2 0.44609375 0.05078125 0.26875 0.03515625
2 0.45 0.10400390625 0.2625 0.0380859375
2 0.44453125000000004 0.2724609375 0.278125 0.04296875
2 0.437109375 0.322265625 0.27421875 0.046875
2 0.431640625 0.65478515625 0.27265625 0.0361328125
2 0.42695312500000004 0.71484375 0.26328125 0.0390625
2 0.41796875 0.89697265625 0.284375 0.0517578125
1 0.4296875 0.0830078125 0.0421875 0.119140625
1 0.415625 0.29150390625 0.037500000000000006 0.1357421875
1 0.40742187500000004 0.4873046875 0.04296875 0.142578125
1 0.39453125 0.67626953125 0.0484375 0.1494140625
1 0.38593750000000004 0.873046875 0.0546875 0.173828125
0 0.5171875 0.1953125 0.043750000000000004 0.091796875
0 0.33906250000000004 0.3828125 0.05 0.103515625
0 0.5078125 0.392578125 0.05 0.11328125
0 0.50390625 0.57763671875 0.053125000000000006 0.1201171875
0 0.33359375 0.576171875 0.045312500000000006 0.078125
0 0.309375 0.77685546875 0.05 0.1025390625
0 0.49296875 0.78173828125 0.045312500000000006 0.1044921875
