0 0.33125000000000004 0.2607421875 0.051562500000000004 0.10546875
0 0.478515625 0.2646484375 0.06015625 0.09765625
0 0.4890625 0.45166015625 0.06875 0.1142578125
0 0.314453125 0.44873046875 0.08671875000000001 0.1337890625
1 0.41132812500000004 0.27783203125 0.039843750000000004 0.1591796875
1 0.409765625 0.4599609375 0.03828125 0.158203125
1 0.417578125 0.61669921875 0.039843750000000004 0.1376953125
1 0.41054687500000003 0.833984375 0.055468750000000004 0.1875
2 0.39296875000000003 0.38818359375 0.21406250000000002 0.0419921875
2 0.419921875 0.185546875 0.16015625 0.03515625
2 0.41953125 0.60107421875 0.18906250000000002 0.0283203125
2 0.39765625000000004 0.7744140625 0.2609375 0.033203125
