0 0.20078125000000002 0.392578125 0.09531250000000001 0.091796875
0 0.20703125 0.5888671875 0.0921875 0.078125
0 0.36250000000000004 0.6005859375 0.09062500000000001 0.095703125
0 0.536328125 0.60986328125 0.12421875 0.1025390625
0 0.36562500000000003 0.38037109375 0.0921875 0.0947265625
2 0.1484375 0.4912109375 0.0328125 0.271484375
2 0.30195312500000004 0.51513671875 0.01640625 0.2529296875
2 0.44296875 0.48291015625 0.029687500000000002 0.3310546875
2 0.48046875 0.50537109375 0.021875000000000002 0.2451171875
2 0.618359375 0.490234375 0.032031250000000004 0.341796875
1 0.223046875 0.5 0.11484375000000001 0.0546875
1 0.36054687500000004 0.50390625 0.11171875 0.064453125
1 0.48476562500000003 0.5107421875 0.11953125 0.060546875
1 0.6628906250000001 0.498046875 0.16796875 0.076171875
2 0.6742187500000001 0.48876953125 0.025 0.2783203125
