2 0.424609375 0.02978515625 0.19765625 0.0263671875
2 0.42890625000000004 0.07861328125 0.215625 0.0322265625
2 0.4265625 0.2197265625 0.246875 0.03125
2 0.42226562500000003 0.26318359375 0.23515625 0.0302734375
2 0.42031250000000003 0.4091796875 0.24531250000000002 0.033203125
2 0.40234375 0.76708984375 0.2625 0.0361328125
2 0.384375 0.830078125 0.2421875 0.044921875
1 0.41718750000000004 0.046875 0.034375 0.08203125
1 0.40625 0.22509765625 0.034375 0.1240234375
1 0.39960937500000004 0.4033203125 0.03671875 0.1171875
1 0.394140625 0.57861328125 0.03359375 0.1103515625
1 0.38398437500000004 0.775390625 0.039843750000000004 0.13671875
1 0.3796875 0.93603515625 0.0546875 0.1259765625
0 0.3484375 0.123046875 0.0546875 0.099609375
0 0.491796875 0.12548828125 0.057031250000000006 0.0966796875
0 0.4921875 0.33251953125 0.05 0.0810546875
0 0.3359375 0.3330078125 0.0390625 0.087890625
0 0.327734375 0.5 0.049218750000000006 0.1015625
0 0.30312500000000003 0.87744140625 0.046875 0.1025390625
0 0.475390625 0.8876953125 0.047656250000000004 0.09765625
