2 0.44257812500000004 0.16748046875 0.22421875000000002 0.0341796875
2 0.431640625 0.22900390625 0.22265625 0.0283203125
2 0.42265625 0.41015625 0.24531250000000002 0.025390625
1 0.41640625000000003 0.1513671875 0.0421875 0.146484375
1 0.4078125 0.36376953125 0.040625 0.1630859375
1 0.405078125 0.56494140625 0.039843750000000004 0.1533203125
0 0.350390625 0.0537109375 0.05859375 0.091796875
0 0.51875 0.06005859375 0.043750000000000004 0.0751953125
0 0.505078125 0.28125 0.03671875 0.103515625
0 0.34296875000000004 0.27490234375 0.037500000000000006 0.1064453125
