1 0.3453125 0.09130859375 0.0546875 0.1611328125
1 0.34101562500000004 0.2421875 0.05859375 0.14453125
1 0.33203125 0.4248046875 0.0625 0.197265625
1 0.3375 0.66162109375 0.059375000000000004 0.1865234375
1 0.334765625 0.8984375 0.055468750000000004 0.173828125
2 0.323046875 0.2763671875 0.26328125 0.03515625
2 0.3296875 0.47705078125 0.2859375 0.0361328125
2 0.32734375000000004 0.6484375 0.225 0.02734375
2 0.322265625 0.7587890625 0.21015625000000002 0.025390625
0 0.23750000000000002 0.57958984375 0.0625 0.0966796875
0 0.439453125 0.5810546875 0.06953125 0.125
0 0.4421875 0.82861328125 0.0734375 0.1240234375
0 0.4375 0.35205078125 0.065625 0.1494140625
0 0.230859375 0.35107421875 0.07109375 0.1455078125
