2 0.45351562500000003 0.169921875 0.23671875 0.029296875
2 0.444921875 0.2314453125 0.22265625 0.033203125
2 0.435546875 0.4130859375 0.23359375000000002 0.0234375
1 0.43398437500000003 0.1552734375 0.04609375 0.15234375
1 0.42421875000000003 0.34521484375 0.0421875 0.1416015625
1 0.423828125 0.57080078125 0.03671875 0.1611328125
0 0.36484375 0.05419921875 0.0625 0.0966796875
0 0.5328125 0.06787109375 0.045312500000000006 0.0751953125
0 0.52109375 0.28173828125 0.037500000000000006 0.1083984375
0 0.358203125 0.27880859375 0.03828125 0.1123046875
