2 0.3453125 0.3408203125 0.3046875 0.029296875
2 0.343359375 0.54736328125 0.32734375000000004 0.0341796875
2 0.33671875 0.728515625 0.2234375 0.037109375
2 0.3296875 0.84228515625 0.246875 0.0419921875
0 0.259765625 0.19140625 0.07734375 0.15234375
0 0.462890625 0.18896484375 0.055468750000000004 0.1044921875
0 0.45429687500000004 0.4150390625 0.07265625 0.146484375
0 0.24140625000000002 0.41943359375 0.0921875 0.1474609375
0 0.248828125 0.63818359375 0.08046875 0.1376953125
0 0.45429687500000004 0.64111328125 0.07265625 0.1533203125
0 0.462890625 0.91943359375 0.06484375 0.1220703125
1 0.35781250000000003 0.1142578125 0.059375000000000004 0.1953125
1 0.35234375 0.2958984375 0.0546875 0.1640625
1 0.347265625 0.4755859375 0.05859375 0.17578125
1 0.35000000000000003 0.73193359375 0.059375000000000004 0.1728515625
