0 0.43671875000000004 0.1435546875 0.065625 0.12109375
0 0.23359375000000002 0.37109375 0.06406250000000001 0.142578125
0 0.432421875 0.3681640625 0.06640625 0.142578125
0 0.435546875 0.59033203125 0.06796875000000001 0.1220703125
0 0.23164062500000002 0.57861328125 0.07265625 0.1181640625
1 0.34492187500000004 0.1025390625 0.055468750000000004 0.1875
1 0.337890625 0.2783203125 0.06171875 0.177734375
1 0.330859375 0.44873046875 0.055468750000000004 0.1611328125
1 0.331640625 0.7001953125 0.06171875 0.177734375
2 0.345703125 0.27490234375 0.26953125 0.0283203125
2 0.337890625 0.70947265625 0.28515625 0.0341796875
2 0.33710937500000004 0.947265625 0.26171875 0.0546875
0 0.43359375 0.82275390625 0.08281250000000001 0.1494140625
1 0.326171875 0.908203125 0.04453125 0.16015625
