1 0.062109375 0.53466796875 0.11171875 0.0458984375
1 0.234765625 0.51904296875 0.11328125 0.0498046875
1 0.389453125 0.5087890625 0.10859375 0.052734375
1 0.546484375 0.4921875 0.12734375 0.0625
1 0.696875 0.4814453125 0.1328125 0.0546875
2 0.03828125 0.5546875 0.018750000000000003 0.330078125
2 0.08281250000000001 0.55517578125 0.021875000000000002 0.3271484375
2 0.21601562500000002 0.54248046875 0.02890625 0.3427734375
2 0.258984375 0.5478515625 0.032031250000000004 0.337890625
2 0.52265625 0.5302734375 0.025 0.349609375
2 0.576171875 0.52294921875 0.032031250000000004 0.3603515625
2 0.716796875 0.515625 0.039843750000000004 0.37109375
0 0.146875 0.4296875 0.0703125 0.052734375
0 0.15937500000000002 0.64794921875 0.07500000000000001 0.0595703125
0 0.316015625 0.6376953125 0.07890625000000001 0.0625
0 0.29921875000000003 0.42138671875 0.07500000000000001 0.0634765625
0 0.45390625 0.4111328125 0.078125 0.0625
0 0.46484375 0.62841796875 0.09531250000000001 0.0595703125
0 0.630859375 0.61328125 0.08359375000000001 0.06640625
0 0.6218750000000001 0.38720703125 0.08281250000000001 0.0576171875
