2 0.42734375 0.16455078125 0.20625000000000002 0.0263671875
2 0.41132812500000004 0.220703125 0.20546875 0.0234375
2 0.4078125 0.390625 0.2171875 0.025390625
1 0.4140625 0.1455078125 0.0421875 0.130859375
1 0.408203125 0.3388671875 0.04453125 0.15625
1 0.412109375 0.52978515625 0.041406250000000006 0.1533203125
0 0.33203125 0.05224609375 0.046875 0.0849609375
0 0.494921875 0.0576171875 0.04296875 0.08203125
0 0.48750000000000004 0.2666015625 0.040625 0.095703125
0 0.33359375 0.2685546875 0.040625 0.10546875
0 0.48203125 0.4755859375 0.035937500000000004 0.083984375
