2 0.44375000000000003 0.18408203125 0.19375 0.0380859375
2 0.4453125 0.24072265625 0.2234375 0.0517578125
2 0.447265625 0.39453125 0.24296875 0.05078125
2 0.444140625 0.44189453125 0.24609375 0.0400390625
2 0.440234375 0.5849609375 0.23359375000000002 0.048828125
0 0.36757812500000003 0.14599609375 0.04609375 0.0673828125
0 0.359375 0.3291015625 0.0484375 0.072265625
0 0.3453125 0.501953125 0.0484375 0.078125
0 0.51953125 0.1259765625 0.040625 0.07421875
0 0.534375 0.31591796875 0.053125000000000006 0.0751953125
0 0.5593750000000001 0.50146484375 0.065625 0.0947265625
1 0.43398437500000003 0.095703125 0.04296875 0.12109375
1 0.44179687500000003 0.26220703125 0.041406250000000006 0.1689453125
1 0.44570312500000003 0.42138671875 0.04296875 0.1181640625
1 0.45156250000000003 0.60009765625 0.043750000000000004 0.1357421875
