2 0.44609375 0.41162109375 0.03125 0.3759765625
2 0.584375 0.41748046875 0.040625 0.3955078125
1 0.18359375 0.427734375 0.1078125 0.060546875
1 0.312109375 0.42236328125 0.11484375000000001 0.0576171875
1 0.470703125 0.4306640625 0.15703125 0.05078125
1 0.6277343750000001 0.4287109375 0.14609375 0.068359375
0 0.32070312500000003 0.53369140625 0.09921875000000001 0.1005859375
0 0.32148437500000004 0.3115234375 0.10703125000000001 0.09765625
0 0.490234375 0.30810546875 0.11796875000000001 0.1044921875
0 0.49453125000000003 0.54638671875 0.1046875 0.0986328125
2 0.1125 0.453125 0.028125 0.248046875
1 0.748046875 0.423828125 0.08359375000000001 0.07421875
