0 0.32539062500000004 0.1162109375 0.05078125 0.09765625
0 0.30898437500000003 0.32080078125 0.05859375 0.0908203125
0 0.494921875 0.126953125 0.049218750000000006 0.0859375
1 0.40234375 0.06201171875 0.035937500000000004 0.1181640625
1 0.39960937500000004 0.23095703125 0.03671875 0.1669921875
1 0.396484375 0.41357421875 0.032031250000000004 0.1552734375
1 0.39765625000000004 0.58349609375 0.037500000000000006 0.1337890625
2 0.408984375 0.05029296875 0.20078125000000002 0.0322265625
2 0.3875 0.20458984375 0.2421875 0.0615234375
2 0.38828125 0.26171875 0.22968750000000002 0.037109375
2 0.385546875 0.42041015625 0.27734375 0.0537109375
2 0.389453125 0.50048828125 0.28671875 0.0322265625
2 0.40664062500000003 0.58642578125 0.31328125 0.0419921875
2 0.39687500000000003 0.6533203125 0.2609375 0.048828125
