2 0.40546875000000004 0.17529296875 0.2328125 0.0361328125
2 0.4 0.23876953125 0.21875 0.0341796875
2 0.396484375 0.41259765625 0.24140625000000002 0.0322265625
1 0.39609375 0.158203125 0.040625 0.14453125
1 0.38984375000000004 0.35595703125 0.043750000000000004 0.1494140625
1 0.389453125 0.55419921875 0.039843750000000004 0.1494140625
1 0.398046875 0.732421875 0.039843750000000004 0.11328125
0 0.31640625 0.064453125 0.0625 0.099609375
0 0.31484375000000003 0.283203125 0.035937500000000004 0.11328125
0 0.470703125 0.2890625 0.032031250000000004 0.09375
0 0.314453125 0.5029296875 0.03359375 0.09375
0 0.471484375 0.50341796875 0.02890625 0.1044921875
