0 0.09140625000000001 0.55126953125 0.109375 0.1064453125
0 0.252734375 0.560546875 0.11171875 0.109375
0 0.42812500000000003 0.5546875 0.115625 0.091796875
0 0.2484375 0.3125 0.10312500000000001 0.083984375
0 0.427734375 0.31298828125 0.10546875 0.1123046875
2 0.21992187500000002 0.4384765625 0.039843750000000004 0.328125
2 0.35078125000000004 0.42626953125 0.0328125 0.3681640625
2 0.5359375000000001 0.4384765625 0.0328125 0.39453125
2 0.704296875 0.4228515625 0.02734375 0.3984375
1 0.106640625 0.439453125 0.12890625 0.064453125
1 0.23945312500000002 0.435546875 0.12265625000000001 0.072265625
1 0.38046875 0.44140625 0.1484375 0.064453125
1 0.562109375 0.43994140625 0.16015625 0.0732421875
1 0.7058593750000001 0.4345703125 0.12265625000000001 0.083984375
