2 0.335546875 0.08349609375 0.20390625 0.0380859375
2 0.328125 0.32421875 0.2 0.03125
2 0.338671875 0.51513671875 0.28046875 0.0341796875
2 0.326953125 0.7060546875 0.25703125 0.03515625
2 0.34140625 0.82421875 0.234375 0.02734375
1 0.339453125 0.0693359375 0.05390625 0.12109375
1 0.339453125 0.23193359375 0.057031250000000006 0.1611328125
1 0.330078125 0.42236328125 0.057031250000000006 0.1650390625
1 0.33437500000000003 0.6796875 0.053125000000000006 0.1875
0 0.437109375 0.15380859375 0.07265625 0.1162109375
0 0.23828125 0.15673828125 0.078125 0.1220703125
0 0.22382812500000002 0.3974609375 0.07265625 0.111328125
0 0.437109375 0.38623046875 0.06796875000000001 0.1201171875
0 0.4375 0.61328125 0.06875 0.138671875
0 0.23359375000000002 0.60302734375 0.0703125 0.1298828125
0 0.44140625 0.87841796875 0.084375 0.1337890625
