0 0.14179687500000002 0.3896484375 0.08671875000000001 0.078125
0 0.29921875000000003 0.3876953125 0.09062500000000001 0.068359375
0 0.48125 0.3759765625 0.078125 0.072265625
0 0.6644531250000001 0.37451171875 0.08359375000000001 0.0908203125
0 0.669140625 0.61376953125 0.08828125 0.0927734375
0 0.47968750000000004 0.6083984375 0.08125 0.078125
0 0.30234375 0.59228515625 0.084375 0.0673828125
0 0.144140625 0.603515625 0.08046875 0.080078125
1 0.06875 0.5029296875 0.0921875 0.0546875
1 0.19453125000000002 0.49609375 0.1015625 0.060546875
1 0.3515625 0.48486328125 0.13593750000000002 0.0537109375
1 0.5398437500000001 0.486328125 0.146875 0.0625
1 0.702734375 0.47900390625 0.12578125 0.0537109375
2 0.045703125000000004 0.49658203125 0.030468750000000003 0.3095703125
2 0.08750000000000001 0.49755859375 0.025 0.3193359375
2 0.221484375 0.4921875 0.02890625 0.330078125
2 0.381640625 0.49365234375 0.03515625 0.3330078125
2 0.441015625 0.4921875 0.025781250000000002 0.3515625
2 0.578125 0.49658203125 0.029687500000000002 0.3720703125
