2 0.21601562500000002 0.431640625 0.05234375 0.345703125
2 0.3484375 0.4365234375 0.0328125 0.375
2 0.389453125 0.42724609375 0.025781250000000002 0.3583984375
2 0.534765625 0.43115234375 0.030468750000000003 0.4033203125
1 0.11679687500000001 0.4404296875 0.11796875000000001 0.064453125
1 0.244921875 0.43701171875 0.12109375 0.0634765625
1 0.3953125 0.43994140625 0.1453125 0.0654296875
1 0.55859375 0.43505859375 0.1421875 0.0751953125
1 0.7058593750000001 0.435546875 0.11015625000000001 0.068359375
0 0.43125 0.32763671875 0.1125 0.1005859375
0 0.25820312500000003 0.55078125 0.10703125000000001 0.10546875
0 0.09648437500000001 0.55078125 0.10078125 0.10546875
0 0.44375000000000003 0.5615234375 0.1203125 0.111328125
