2 0.1328125 0.57421875 0.028125 0.31640625
2 0.17929687500000002 0.55859375 0.02421875 0.28125
2 0.32421875 0.546875 0.021875000000000002 0.298828125
1 0.1234375 0.53759765625 0.12812500000000002 0.0517578125
1 0.28515625 0.53369140625 0.1171875 0.0498046875
1 0.451953125 0.53076171875 0.12421875 0.0458984375
0 0.041796875000000004 0.44580078125 0.07265625 0.0791015625
0 0.049218750000000006 0.66845703125 0.059375000000000004 0.0576171875
0 0.21992187500000002 0.65771484375 0.08671875000000001 0.0615234375
0 0.219140625 0.443359375 0.09140625000000001 0.05078125
0 0.40546875000000004 0.64306640625 0.0765625 0.0439453125
