2 0.033203125 0.5068359375 0.02109375 0.248046875
2 0.158203125 0.4921875 0.04453125 0.283203125
2 0.205859375 0.490234375 0.03515625 0.314453125
2 0.337890625 0.49365234375 0.03671875 0.3330078125
2 0.40468750000000003 0.4853515625 0.0234375 0.32421875
2 0.520703125 0.5009765625 0.047656250000000004 0.3125
2 0.46640625 0.51318359375 0.0390625 0.3896484375
1 0.045703125000000004 0.5068359375 0.08828125 0.0546875
1 0.17890625000000002 0.49072265625 0.13125 0.0556640625
1 0.326953125 0.4970703125 0.12109375 0.041015625
1 0.46484375 0.49365234375 0.10625000000000001 0.0439453125
0 0.095703125 0.61962890625 0.07265625 0.0615234375
0 0.09609375 0.40185546875 0.06875 0.0732421875
0 0.248046875 0.38232421875 0.08984375 0.0849609375
