2 0.32851562500000003 0.220703125 0.20703125 0.037109375
2 0.32109375 0.42236328125 0.31562500000000004 0.0322265625
2 0.32421875 0.61572265625 0.2734375 0.0361328125
2 0.3171875 0.72314453125 0.23593750000000002 0.0283203125
1 0.333984375 0.12841796875 0.06015625 0.1591796875
1 0.321875 0.33447265625 0.0546875 0.1826171875
1 0.327734375 0.59521484375 0.05390625 0.1826171875
1 0.32890625 0.85546875 0.06406250000000001 0.208984375
0 0.21953125 0.2958984375 0.0765625 0.12890625
0 0.43476562500000004 0.52197265625 0.07265625 0.1298828125
0 0.22773437500000002 0.51025390625 0.08046875 0.1337890625
0 0.440234375 0.78466796875 0.07109375 0.1337890625
0 0.43359375 0.29541015625 0.0765625 0.1298828125
