2 0.3984375 0.05517578125 0.2421875 0.0322265625
2 0.397265625 0.10400390625 0.25234375000000003 0.0419921875
2 0.38593750000000004 0.2802734375 0.28125 0.03125
2 0.38906250000000003 0.47412109375 0.2859375 0.0498046875
2 0.39882812500000003 0.54541015625 0.28515625 0.0361328125
2 0.39375000000000004 0.71728515625 0.29531250000000003 0.0380859375
1 0.40625 0.08740234375 0.0484375 0.1201171875
1 0.39609375 0.248046875 0.051562500000000004 0.111328125
1 0.389453125 0.4404296875 0.041406250000000006 0.150390625
1 0.39140625 0.66455078125 0.05 0.1669921875
1 0.38125000000000003 0.88427734375 0.0578125 0.1552734375
0 0.31093750000000003 0.1767578125 0.065625 0.130859375
0 0.48046875 0.17578125 0.060937500000000006 0.115234375
0 0.4765625 0.38330078125 0.053125000000000006 0.1025390625
0 0.310546875 0.37939453125 0.06015625 0.1064453125
0 0.309375 0.591796875 0.06406250000000001 0.109375
0 0.48867187500000003 0.59716796875 0.06953125 0.1083984375
0 0.49296875 0.82763671875 0.07187500000000001 0.1142578125
0 0.3015625 0.8291015625 0.0671875 0.10546875
