0 0.36875 0.2216796875 0.0484375 0.099609375
0 0.375 0.38525390625 0.051562500000000004 0.0966796875
0 0.37031250000000004 0.560546875 0.06406250000000001 0.1015625
0 0.3640625 0.75341796875 0.0703125 0.0908203125
0 0.51171875 0.75390625 0.06406250000000001 0.091796875
0 0.5125000000000001 0.56396484375 0.0546875 0.0927734375
0 0.505078125 0.39208984375 0.05234375 0.0966796875
0 0.507421875 0.22119140625 0.05390625 0.0986328125
2 0.4390625 0.13330078125 0.2015625 0.0380859375
2 0.43828125 0.17236328125 0.20468750000000002 0.0322265625
2 0.43515625 0.3095703125 0.2 0.033203125
2 0.43789062500000003 0.4658203125 0.21171875 0.048828125
2 0.44570312500000003 0.66015625 0.24921875000000002 0.0390625
2 0.4375 0.86181640625 0.19375 0.0458984375
1 0.4390625 0.14794921875 0.0390625 0.0947265625
1 0.43359375 0.2744140625 0.040625 0.1015625
1 0.425390625 0.44970703125 0.039843750000000004 0.1142578125
1 0.43046875 0.6142578125 0.045312500000000006 0.146484375
1 0.425390625 0.794921875 0.039843750000000004 0.125
