2 0.40703125 0.0576171875 0.25 0.029296875
2 0.405078125 0.10595703125 0.24609375 0.0341796875
2 0.39492187500000003 0.27685546875 0.26328125 0.0361328125
2 0.39960937500000004 0.32275390625 0.26328125 0.0400390625
2 0.39687500000000003 0.4765625 0.2703125 0.04296875
2 0.39765625000000004 0.53955078125 0.26406250000000003 0.0361328125
2 0.40078125000000003 0.72119140625 0.2859375 0.0380859375
1 0.40742187500000004 0.08349609375 0.039843750000000004 0.1201171875
1 0.40156250000000004 0.2412109375 0.0421875 0.115234375
1 0.39375000000000004 0.4453125 0.043750000000000004 0.140625
1 0.39960937500000004 0.65673828125 0.049218750000000006 0.1630859375
1 0.390625 0.88037109375 0.043750000000000004 0.1494140625
0 0.316015625 0.1748046875 0.06171875 0.11328125
0 0.491796875 0.17138671875 0.06328125 0.1181640625
0 0.48281250000000003 0.376953125 0.0578125 0.119140625
0 0.312109375 0.3740234375 0.06796875000000001 0.12109375
0 0.31171875000000004 0.59228515625 0.0625 0.1005859375
0 0.4921875 0.59619140625 0.0578125 0.1064453125
0 0.49296875 0.83642578125 0.0671875 0.1103515625
0 0.3046875 0.83642578125 0.07187500000000001 0.0986328125
