2 0.4625 0.16552734375 0.24531250000000002 0.0341796875
2 0.44375000000000003 0.23046875 0.2265625 0.02734375
2 0.43867187500000004 0.41064453125 0.24765625000000002 0.0302734375
1 0.434375 0.15478515625 0.045312500000000006 0.1650390625
1 0.4296875 0.353515625 0.043750000000000004 0.150390625
1 0.425390625 0.560546875 0.047656250000000004 0.16015625
0 0.358203125 0.275390625 0.03515625 0.1171875
0 0.521875 0.2822265625 0.029687500000000002 0.11328125
0 0.3671875 0.052734375 0.059375000000000004 0.09765625
0 0.530859375 0.064453125 0.04296875 0.07421875
0 0.51796875 0.4990234375 0.040625 0.091796875
