0 0.34882812500000004 0.18798828125 0.04296875 0.0888671875
0 0.516015625 0.19873046875 0.047656250000000004 0.0908203125
0 0.508203125 0.39794921875 0.047656250000000004 0.1083984375
0 0.34101562500000004 0.37060546875 0.041406250000000006 0.1005859375
0 0.331640625 0.572265625 0.04453125 0.0859375
0 0.5 0.583984375 0.043750000000000004 0.109375
0 0.48750000000000004 0.78466796875 0.059375000000000004 0.1005859375
0 0.30898437500000003 0.77099609375 0.05234375 0.1064453125
2 0.44375000000000003 0.0537109375 0.2484375 0.02734375
2 0.44609375 0.1064453125 0.2546875 0.029296875
2 0.4390625 0.2685546875 0.2625 0.033203125
2 0.431640625 0.32568359375 0.27109375 0.0361328125
2 0.425390625 0.65625 0.27578125000000003 0.03515625
2 0.424609375 0.72607421875 0.29140625000000003 0.0341796875
2 0.40937500000000004 0.89013671875 0.30625 0.0478515625
1 0.427734375 0.07958984375 0.03828125 0.1357421875
1 0.413671875 0.279296875 0.04453125 0.138671875
1 0.40703125 0.48681640625 0.045312500000000006 0.1513671875
1 0.394140625 0.67529296875 0.05390625 0.1572265625
1 0.38593750000000004 0.86865234375 0.053125000000000006 0.1748046875
