1 0.40468750000000003 0.0712890625 0.035937500000000004 0.13671875
1 0.38515625000000003 0.26025390625 0.040625 0.1865234375
1 0.373828125 0.45458984375 0.03828125 0.1298828125
1 0.37109375 0.60302734375 0.045312500000000006 0.1240234375
0 0.315234375 0.1259765625 0.05234375 0.103515625
0 0.486328125 0.15283203125 0.04609375 0.0986328125
0 0.47109375000000003 0.3662109375 0.051562500000000004 0.09765625
0 0.463671875 0.55126953125 0.055468750000000004 0.0849609375
0 0.46992187500000004 0.72802734375 0.05390625 0.0908203125
0 0.28125 0.341796875 0.05625 0.091796875
0 0.24921875000000002 0.53857421875 0.065625 0.0947265625
0 0.232421875 0.7373046875 0.06171875 0.107421875
2 0.381640625 0.22021484375 0.27890625 0.0712890625
2 0.37031250000000004 0.29150390625 0.27187500000000003 0.0537109375
2 0.35234375 0.47119140625 0.30000000000000004 0.0615234375
2 0.413671875 0.052734375 0.22265625 0.046875
2 0.347265625 0.71728515625 0.17890625000000002 0.0537109375
