2 0.140234375 0.5068359375 0.02890625 0.291015625
2 0.19101562500000002 0.5 0.02734375 0.2734375
2 0.330078125 0.49560546875 0.025781250000000002 0.3017578125
1 0.1265625 0.4951171875 0.115625 0.05078125
1 0.284765625 0.4873046875 0.11953125 0.0546875
1 0.443359375 0.48681640625 0.11953125 0.0498046875
1 0.5859375 0.49755859375 0.09062500000000001 0.0498046875
0 0.051562500000000004 0.3955078125 0.07968750000000001 0.078125
0 0.2265625 0.3935546875 0.09062500000000001 0.044921875
0 0.23125 0.58837890625 0.07500000000000001 0.0400390625
0 0.40234375 0.39306640625 0.07500000000000001 0.0419921875
0 0.40273437500000003 0.58935546875 0.08359375000000001 0.0361328125
