2 0.030078125 0.5576171875 0.017968750000000002 0.32421875
2 0.0703125 0.55615234375 0.025 0.3076171875
2 0.19648437500000002 0.54248046875 0.030468750000000003 0.3193359375
2 0.23750000000000002 0.53857421875 0.03125 0.3115234375
2 0.49648437500000003 0.53125 0.032031250000000004 0.35546875
2 0.5417968750000001 0.5244140625 0.03828125 0.361328125
2 0.67734375 0.51513671875 0.040625 0.3681640625
1 0.0546875 0.53857421875 0.1015625 0.0517578125
1 0.216796875 0.521484375 0.11171875 0.048828125
1 0.36015625 0.509765625 0.12187500000000001 0.056640625
1 0.51015625 0.49169921875 0.1296875 0.0576171875
1 0.65546875 0.484375 0.125 0.068359375
0 0.14375000000000002 0.64306640625 0.06875 0.0537109375
0 0.129296875 0.4375 0.06953125 0.0546875
0 0.28359375000000003 0.4189453125 0.0890625 0.068359375
0 0.298046875 0.62939453125 0.07890625000000001 0.0517578125
0 0.43398437500000003 0.62548828125 0.08359375000000001 0.0537109375
0 0.42617187500000003 0.4140625 0.08828125 0.060546875
0 0.5828125000000001 0.38720703125 0.08125 0.0712890625
0 0.58984375 0.60791015625 0.0765625 0.0791015625
