1 0.04453125 0.53466796875 0.0859375 0.0439453125
1 0.19921875 0.5234375 0.115625 0.048828125
1 0.339453125 0.50927734375 0.11328125 0.0556640625
1 0.486328125 0.49169921875 0.12421875 0.0537109375
1 0.6218750000000001 0.484375 0.125 0.0625
1 0.73984375 0.4873046875 0.09843750000000001 0.05078125
0 0.12734375 0.6376953125 0.0703125 0.048828125
0 0.27265625 0.623046875 0.08281250000000001 0.0546875
0 0.4078125 0.61865234375 0.09375 0.0576171875
0 0.5574218750000001 0.60302734375 0.08046875 0.0595703125
0 0.107421875 0.4375 0.08984375 0.06640625
0 0.25546875 0.41845703125 0.0921875 0.0830078125
0 0.39609375 0.41796875 0.0859375 0.060546875
0 0.54609375 0.39404296875 0.09375 0.0595703125
2 0.060546875 0.54833984375 0.022656250000000003 0.3056640625
2 0.18203125 0.54736328125 0.035937500000000004 0.3095703125
2 0.35976562500000003 0.529296875 0.025781250000000002 0.267578125
2 0.46210937500000004 0.52978515625 0.02890625 0.3134765625
2 0.512109375 0.53369140625 0.02890625 0.3330078125
2 0.63984375 0.5078125 0.046875 0.34375
