2 0.40546875000000004 0.17822265625 0.240625 0.0283203125
2 0.39921875 0.23974609375 0.22812500000000002 0.0224609375
2 0.38710937500000003 0.4140625 0.24453125 0.02734375
1 0.39101562500000003 0.162109375 0.041406250000000006 0.13671875
1 0.38593750000000004 0.36328125 0.0421875 0.146484375
1 0.384375 0.55615234375 0.0421875 0.1396484375
1 0.39179687500000004 0.74072265625 0.041406250000000006 0.1298828125
0 0.314453125 0.06689453125 0.04609375 0.0888671875
0 0.48281250000000003 0.0634765625 0.040625 0.0859375
0 0.46875 0.28369140625 0.0328125 0.1025390625
0 0.31093750000000003 0.283203125 0.0390625 0.111328125
0 0.309375 0.50341796875 0.0328125 0.0791015625
0 0.466796875 0.50537109375 0.03671875 0.0927734375
