0 0.31875000000000003 0.0654296875 0.0484375 0.10546875
0 0.47734375 0.06201171875 0.0421875 0.1064453125
0 0.46640625 0.2822265625 0.03125 0.103515625
0 0.31484375000000003 0.27880859375 0.0390625 0.1064453125
0 0.311328125 0.49609375 0.03828125 0.08984375
0 0.46484375 0.48681640625 0.034375 0.0966796875
1 0.384765625 0.15869140625 0.03671875 0.1220703125
1 0.38710937500000003 0.35107421875 0.03515625 0.1494140625
1 0.38359375 0.544921875 0.043750000000000004 0.140625
2 0.398046875 0.177734375 0.22109375 0.03125
2 0.388671875 0.4033203125 0.22578125000000002 0.0234375
1 0.42109375000000004 0.9208984375 0.053125000000000006 0.14453125
