0 0.05234375 0.3984375 0.084375 0.060546875
0 0.049609375000000004 0.5966796875 0.08515625 0.052734375
0 0.22578125000000002 0.5830078125 0.08281250000000001 0.0390625
0 0.223046875 0.3935546875 0.08515625 0.048828125
0 0.39687500000000003 0.38916015625 0.07187500000000001 0.0478515625
0 0.389453125 0.5810546875 0.07734375 0.04296875
1 0.126953125 0.48095703125 0.09765625 0.0458984375
1 0.280859375 0.48388671875 0.11953125 0.0439453125
1 0.43593750000000003 0.4794921875 0.1125 0.0546875
2 0.1421875 0.49755859375 0.025 0.2763671875
2 0.32265625000000003 0.48583984375 0.018750000000000003 0.2822265625
1 0.7367187500000001 0.5263671875 0.115625 0.06640625
