1 0.350390625 0.28076171875 0.04609375 0.1376953125
1 0.35468750000000004 0.48046875 0.045312500000000006 0.13671875
1 0.35585937500000003 0.69775390625 0.057031250000000006 0.2021484375
1 0.35078125000000004 0.8837890625 0.05625 0.15625
0 0.2546875 0.341796875 0.08281250000000001 0.12890625
0 0.44921875 0.34228515625 0.08281250000000001 0.1376953125
0 0.256640625 0.5615234375 0.08828125 0.140625
2 0.34687500000000004 0.30419921875 0.278125 0.0830078125
2 0.347265625 0.4609375 0.30703125000000003 0.041015625
2 0.346484375 0.70166015625 0.32890625 0.0498046875
