2 0.05 0.5 0.026562500000000003 0.328125
2 0.2015625 0.482421875 0.0234375 0.349609375
2 0.365234375 0.4638671875 0.04296875 0.37109375
2 0.42578125 0.47509765625 0.026562500000000003 0.3662109375
2 0.5734375 0.48388671875 0.0328125 0.3837890625
1 0.16523437500000002 0.4931640625 0.10390625 0.060546875
1 0.3296875 0.47900390625 0.1171875 0.0556640625
1 0.520703125 0.478515625 0.15078125 0.076171875
1 0.700390625 0.46142578125 0.13359375 0.0732421875
0 0.11328125 0.384765625 0.09531250000000001 0.083984375
0 0.10703125000000001 0.6083984375 0.10312500000000001 0.083984375
0 0.280078125 0.3740234375 0.09765625 0.08203125
0 0.467578125 0.3701171875 0.08671875000000001 0.07421875
0 0.6585937500000001 0.35205078125 0.09843750000000001 0.0810546875
0 0.4734375 0.60498046875 0.08750000000000001 0.0751953125
0 0.671875 0.6015625 0.0890625 0.091796875
