2 0.452734375 0.16650390625 0.24921875000000002 0.0283203125
2 0.447265625 0.2294921875 0.22109375 0.025390625
2 0.43203125000000003 0.4130859375 0.22187500000000002 0.0234375
1 0.431640625 0.1484375 0.041406250000000006 0.169921875
1 0.423828125 0.35498046875 0.049218750000000006 0.1552734375
1 0.423828125 0.5537109375 0.04296875 0.17578125
0 0.3609375 0.0517578125 0.05 0.08984375
0 0.531640625 0.06640625 0.04296875 0.0703125
0 0.52578125 0.28076171875 0.043750000000000004 0.1025390625
0 0.35468750000000004 0.2763671875 0.035937500000000004 0.109375
