0 0.32734375000000004 0.11474609375 0.053125000000000006 0.0947265625
0 0.49609375 0.134765625 0.051562500000000004 0.083984375
0 0.49609375 0.32421875 0.059375000000000004 0.09375
0 0.310546875 0.32470703125 0.06015625 0.0966796875
1 0.40351562500000004 0.0625 0.03671875 0.123046875
1 0.39492187500000003 0.2255859375 0.03671875 0.142578125
1 0.3953125 0.412109375 0.040625 0.158203125
1 0.396484375 0.5830078125 0.039843750000000004 0.11328125
2 0.40703125 0.04638671875 0.22968750000000002 0.0322265625
2 0.3984375 0.20263671875 0.2578125 0.0615234375
2 0.39882812500000003 0.259765625 0.25859375 0.044921875
2 0.389453125 0.42138671875 0.26328125 0.0478515625
2 0.38828125 0.50390625 0.253125 0.0234375
2 0.405859375 0.65087890625 0.25859375 0.0595703125
