2 0.40273437500000003 0.06591796875 0.24453125 0.0341796875
2 0.40468750000000003 0.11474609375 0.2546875 0.0419921875
2 0.388671875 0.28271484375 0.26953125 0.0322265625
2 0.3921875 0.4697265625 0.26875 0.029296875
2 0.39570312500000004 0.54541015625 0.27734375 0.0361328125
2 0.40156250000000004 0.72509765625 0.2734375 0.0341796875
1 0.405078125 0.0810546875 0.04296875 0.11328125
1 0.39765625000000004 0.2451171875 0.0484375 0.1171875
1 0.38906250000000003 0.4423828125 0.043750000000000004 0.150390625
1 0.39609375 0.66796875 0.045312500000000006 0.158203125
1 0.38828125 0.873046875 0.05 0.1484375
0 0.31484375000000003 0.18115234375 0.059375000000000004 0.1123046875
0 0.479296875 0.18359375 0.06484375 0.12109375
0 0.47734375 0.38134765625 0.060937500000000006 0.0966796875
0 0.48945312500000004 0.60595703125 0.05390625 0.0966796875
0 0.48867187500000003 0.83837890625 0.06953125 0.1064453125
0 0.30859375 0.8349609375 0.07968750000000001 0.1171875
0 0.311328125 0.599609375 0.057031250000000006 0.099609375
0 0.312109375 0.37939453125 0.057031250000000006 0.1162109375
