2 0.44609375 0.03759765625 0.259375 0.0224609375
2 0.444921875 0.087890625 0.24609375 0.03125
2 0.43398437500000003 0.24560546875 0.25546875 0.0380859375
2 0.43085937500000004 0.296875 0.24921875000000002 0.0390625
2 0.42500000000000004 0.62060546875 0.284375 0.0400390625
2 0.41953125 0.67724609375 0.2890625 0.0478515625
2 0.412109375 0.8466796875 0.29453125 0.05078125
1 0.43085937500000004 0.068359375 0.041406250000000006 0.126953125
1 0.41718750000000004 0.27099609375 0.0390625 0.1396484375
1 0.4078125 0.4501953125 0.045312500000000006 0.15234375
1 0.393359375 0.6376953125 0.04609375 0.162109375
1 0.3875 0.8193359375 0.0546875 0.15625
0 0.5144531250000001 0.1796875 0.04296875 0.0859375
0 0.35000000000000003 0.16162109375 0.043750000000000004 0.0869140625
0 0.33515625000000004 0.3544921875 0.0546875 0.111328125
0 0.503515625 0.37255859375 0.041406250000000006 0.0986328125
0 0.500390625 0.54248046875 0.04296875 0.1044921875
0 0.33125000000000004 0.53271484375 0.0484375 0.1103515625
0 0.30976562500000004 0.728515625 0.057031250000000006 0.1015625
0 0.486328125 0.7373046875 0.06328125 0.095703125
