2 0.06406250000000001 0.53564453125 0.025 0.2802734375
2 0.17539062500000002 0.53515625 0.02421875 0.3125
2 0.2109375 0.5322265625 0.0203125 0.306640625
2 0.32890625 0.52587890625 0.025 0.3076171875
2 0.6199218750000001 0.51220703125 0.03359375 0.3349609375
2 0.665234375 0.49755859375 0.03359375 0.3076171875
1 0.18359375 0.51318359375 0.09062500000000001 0.0458984375
1 0.33320312500000004 0.5 0.10703125000000001 0.037109375
1 0.48750000000000004 0.4951171875 0.115625 0.0390625
1 0.6214843750000001 0.47998046875 0.10234375000000001 0.0517578125
1 0.749609375 0.47705078125 0.09921875000000001 0.0634765625
0 0.09843750000000001 0.4326171875 0.0765625 0.06640625
0 0.10312500000000001 0.62060546875 0.078125 0.0673828125
0 0.26640625 0.6162109375 0.060937500000000006 0.052734375
0 0.40703125 0.4091796875 0.0890625 0.06640625
0 0.7156250000000001 0.59716796875 0.0703125 0.0673828125
0 0.69921875 0.38037109375 0.078125 0.0654296875
