2 0.132421875 0.55908203125 0.022656250000000003 0.2705078125
2 0.18320312500000002 0.552734375 0.01953125 0.271484375
2 0.330859375 0.5224609375 0.01953125 0.265625
1 0.1265625 0.529296875 0.11875000000000001 0.044921875
1 0.28125 0.5205078125 0.11875000000000001 0.04296875
0 0.039843750000000004 0.4423828125 0.07187500000000001 0.068359375
0 0.054296875 0.6552734375 0.05078125 0.0625
0 0.22265625 0.640625 0.0859375 0.048828125
0 0.221484375 0.43701171875 0.09140625000000001 0.0439453125
1 0.451171875 0.51708984375 0.12578125 0.0556640625
