0 0.291796875 0.27197265625 0.09765625 0.0908203125
0 0.287109375 0.0771484375 0.09453125000000001 0.083984375
0 0.444921875 0.06591796875 0.08828125 0.0810546875
0 0.44960937500000003 0.271484375 0.08828125 0.076171875
0 0.6046875 0.2919921875 0.08750000000000001 0.091796875
1 0.371875 0.1748046875 0.09531250000000001 0.056640625
1 0.4890625 0.1708984375 0.09531250000000001 0.060546875
1 0.628125 0.15869140625 0.09843750000000001 0.0498046875
2 0.21250000000000002 0.19091796875 0.025 0.2587890625
2 0.36484375 0.1728515625 0.026562500000000003 0.318359375
2 0.40351562500000004 0.171875 0.02734375 0.326171875
2 0.53828125 0.18896484375 0.0234375 0.3037109375
2 0.688671875 0.26171875 0.02890625 0.171875
