2 0.405859375 0.18603515625 0.16015625 0.0302734375
2 0.378515625 0.400390625 0.21328125 0.03125
2 0.38515625000000003 0.55517578125 0.22812500000000002 0.0205078125
2 0.401953125 0.6015625 0.18046875 0.025390625
2 0.392578125 0.77490234375 0.24453125 0.0302734375
1 0.4 0.28857421875 0.046875 0.1513671875
1 0.397265625 0.45068359375 0.041406250000000006 0.1513671875
1 0.403125 0.6162109375 0.046875 0.15625
1 0.39960937500000004 0.841796875 0.055468750000000004 0.18359375
0 0.303515625 0.45166015625 0.08046875 0.1201171875
0 0.483984375 0.46337890625 0.07578125000000001 0.1044921875
0 0.31640625 0.2626953125 0.06406250000000001 0.099609375
0 0.46718750000000003 0.26708984375 0.065625 0.0986328125
2 0.382421875 0.85205078125 0.22265625 0.0244140625
