0 0.479296875 0.2451171875 0.06484375 0.107421875
0 0.30898437500000003 0.45263671875 0.05859375 0.1044921875
0 0.3015625 0.6689453125 0.059375000000000004 0.087890625
0 0.48085937500000003 0.66796875 0.06171875 0.09765625
1 0.390625 0.30126953125 0.043750000000000004 0.1220703125
1 0.38593750000000004 0.50927734375 0.0421875 0.1650390625
1 0.38671875 0.72265625 0.046875 0.171875
2 0.38906250000000003 0.35302734375 0.2578125 0.0400390625
2 0.39375000000000004 0.13671875 0.26406250000000003 0.03125
2 0.38906250000000003 0.18408203125 0.27187500000000003 0.0341796875
2 0.393359375 0.55322265625 0.29453125 0.0361328125
2 0.39453125 0.806640625 0.290625 0.05078125
