2 0.032031250000000004 0.55224609375 0.0203125 0.2646484375
2 0.0703125 0.5537109375 0.021875000000000002 0.271484375
2 0.18867187500000002 0.54736328125 0.022656250000000003 0.3134765625
2 0.2234375 0.5439453125 0.015625 0.298828125
2 0.345703125 0.5341796875 0.02421875 0.30859375
2 0.6453125000000001 0.5205078125 0.0328125 0.35546875
2 0.6976562500000001 0.5 0.0328125 0.306640625
1 0.046484375 0.5341796875 0.07421875 0.0390625
1 0.19492187500000002 0.51904296875 0.09453125000000001 0.0419921875
1 0.35195312500000003 0.51220703125 0.10703125000000001 0.0478515625
1 0.48828125 0.51025390625 0.08750000000000001 0.0439453125
1 0.65 0.4892578125 0.1125 0.05078125
1 0.767578125 0.48779296875 0.06796875000000001 0.0439453125
0 0.10625000000000001 0.44482421875 0.07968750000000001 0.0576171875
0 0.11093750000000001 0.62841796875 0.0859375 0.0517578125
0 0.2828125 0.63134765625 0.0671875 0.0517578125
0 0.27773437500000003 0.4287109375 0.07265625 0.046875
0 0.423828125 0.4306640625 0.07890625000000001 0.044921875
