1 0.076171875 0.552734375 0.11015625000000001 0.052734375
1 0.215625 0.52685546875 0.09062500000000001 0.0556640625
1 0.358203125 0.51953125 0.10859375 0.060546875
1 0.46953125 0.5185546875 0.09375 0.046875
1 0.566796875 0.52294921875 0.07890625000000001 0.0458984375
0 0.141015625 0.6650390625 0.09140625000000001 0.05859375
0 0.123046875 0.46142578125 0.07265625 0.0517578125
0 0.27578125000000003 0.43701171875 0.078125 0.0712890625
0 0.28125 0.64306640625 0.07968750000000001 0.0693359375
0 0.433203125 0.65673828125 0.06484375 0.0771484375
0 0.419921875 0.4169921875 0.07421875 0.06640625
2 0.08203125 0.5712890625 0.0328125 0.263671875
2 0.17734375000000002 0.56201171875 0.029687500000000002 0.2919921875
2 0.230859375 0.5654296875 0.02890625 0.310546875
2 0.35703125 0.54150390625 0.043750000000000004 0.3447265625
