0 0.441015625 0.1142578125 0.08515625 0.13671875
0 0.44843750000000004 0.31591796875 0.08750000000000001 0.1396484375
0 0.44375000000000003 0.53515625 0.0734375 0.14453125
0 0.25 0.310546875 0.0671875 0.12890625
0 0.25039062500000003 0.53466796875 0.08984375 0.1318359375
2 0.35078125000000004 0.27490234375 0.2625 0.0498046875
2 0.34101562500000004 0.4384765625 0.29453125 0.041015625
2 0.35078125000000004 0.669921875 0.31562500000000004 0.041015625
2 0.33828125000000003 0.88037109375 0.31875000000000003 0.0341796875
1 0.3515625 0.13330078125 0.051562500000000004 0.1611328125
1 0.3484375 0.29931640625 0.0578125 0.1533203125
1 0.353125 0.4755859375 0.051562500000000004 0.185546875
1 0.35195312500000003 0.70263671875 0.05859375 0.2001953125
1 0.34765625 0.88232421875 0.0671875 0.1533203125
