2 0.35585937500000003 0.365234375 0.25546875 0.037109375
2 0.35195312500000003 0.56982421875 0.33203125 0.0322265625
2 0.343359375 0.7548828125 0.24921875000000002 0.0390625
2 0.33632812500000003 0.87109375 0.24140625000000002 0.03125
1 0.358203125 0.13037109375 0.057031250000000006 0.1982421875
1 0.353125 0.310546875 0.053125000000000006 0.185546875
1 0.347265625 0.4931640625 0.06640625 0.1953125
1 0.35000000000000003 0.75390625 0.0546875 0.19140625
0 0.246484375 0.43994140625 0.07578125000000001 0.1494140625
0 0.261328125 0.20947265625 0.07734375 0.1318359375
0 0.4546875 0.2177734375 0.07968750000000001 0.12890625
0 0.45703125 0.4375 0.078125 0.138671875
0 0.46328125000000003 0.67919921875 0.0703125 0.1298828125
0 0.248046875 0.66015625 0.08515625 0.130859375
