2 0.44179687500000003 0.0400390625 0.21171875 0.025390625
2 0.44296875 0.087890625 0.2171875 0.02734375
2 0.43789062500000003 0.23583984375 0.25078125 0.0283203125
2 0.43515625 0.279296875 0.2390625 0.01953125
2 0.42734375 0.43212890625 0.246875 0.0302734375
2 0.41640625000000003 0.806640625 0.284375 0.041015625
2 0.4 0.8720703125 0.24531250000000002 0.041015625
1 0.42734375 0.05810546875 0.03125 0.0927734375
1 0.41523437500000004 0.24365234375 0.03359375 0.1181640625
1 0.409765625 0.43994140625 0.03828125 0.1337890625
1 0.408203125 0.6103515625 0.03515625 0.109375
1 0.39140625 0.8125 0.040625 0.140625
1 0.390234375 0.95947265625 0.03515625 0.0849609375
0 0.35585937500000003 0.1328125 0.04609375 0.099609375
0 0.5027343750000001 0.138671875 0.041406250000000006 0.107421875
0 0.505078125 0.353515625 0.041406250000000006 0.083984375
0 0.34296875000000004 0.34716796875 0.037500000000000006 0.0908203125
0 0.34453125 0.52978515625 0.035937500000000004 0.0986328125
