0 0.30585937500000004 0.25146484375 0.06640625 0.1201171875
0 0.45742187500000003 0.25830078125 0.055468750000000004 0.1240234375
0 0.4703125 0.45556640625 0.06875 0.1142578125
0 0.298046875 0.4462890625 0.08046875 0.12109375
1 0.381640625 0.2880859375 0.04296875 0.140625
1 0.38789062500000004 0.4541015625 0.049218750000000006 0.140625
1 0.39570312500000004 0.61865234375 0.05078125 0.1591796875
1 0.38906250000000003 0.8466796875 0.05625 0.15625
2 0.38320312500000003 0.18310546875 0.14765625000000002 0.0400390625
2 0.37031250000000004 0.390625 0.22812500000000002 0.04296875
2 0.376953125 0.54736328125 0.20859375000000002 0.0322265625
2 0.38984375000000004 0.5966796875 0.1859375 0.0234375
2 0.370703125 0.77490234375 0.24609375 0.0341796875
2 0.38320312500000003 0.8427734375 0.19453125000000002 0.029296875
0 0.479296875 0.66552734375 0.07578125000000001 0.1455078125
