0 0.3140625 0.2509765625 0.0734375 0.119140625
0 0.47109375000000003 0.2587890625 0.0625 0.115234375
0 0.48046875 0.453125 0.0765625 0.11328125
0 0.487890625 0.67041015625 0.08203125 0.1552734375
0 0.304296875 0.45703125 0.07578125000000001 0.115234375
2 0.39296875000000003 0.185546875 0.2171875 0.041015625
2 0.412109375 0.37744140625 0.20234375000000002 0.0205078125
2 0.386328125 0.5537109375 0.26484375 0.037109375
2 0.404296875 0.6005859375 0.19609375 0.02734375
2 0.3921875 0.77294921875 0.2734375 0.0400390625
1 0.4 0.27880859375 0.043750000000000004 0.1435546875
1 0.403125 0.45068359375 0.051562500000000004 0.1396484375
1 0.40859375000000003 0.60595703125 0.0484375 0.1494140625
1 0.3984375 0.82861328125 0.060937500000000006 0.2099609375
2 0.39101562500000003 0.8427734375 0.22265625 0.03125
