0 0.308203125 0.25244140625 0.06640625 0.1201171875
0 0.470703125 0.2626953125 0.06796875000000001 0.09765625
0 0.478515625 0.45166015625 0.07265625 0.1240234375
0 0.299609375 0.4404296875 0.08359375000000001 0.130859375
0 0.48515625 0.6650390625 0.07187500000000001 0.158203125
1 0.392578125 0.2734375 0.04296875 0.1796875
1 0.397265625 0.44091796875 0.039843750000000004 0.1396484375
1 0.403125 0.60498046875 0.0421875 0.1650390625
1 0.39609375 0.83203125 0.0578125 0.203125
2 0.40234375 0.5966796875 0.1703125 0.025390625
2 0.398046875 0.544921875 0.20703125 0.037109375
2 0.37109375 0.40185546875 0.21406250000000002 0.0185546875
2 0.38984375000000004 0.18310546875 0.22187500000000002 0.0283203125
2 0.38828125 0.7705078125 0.278125 0.041015625
2 0.390625 0.83740234375 0.240625 0.0361328125
