2 0.213671875 0.431640625 0.03515625 0.330078125
2 0.34023437500000003 0.43603515625 0.032031250000000004 0.3544921875
2 0.3765625 0.4501953125 0.0203125 0.34375
2 0.5242187500000001 0.44287109375 0.0390625 0.4072265625
1 0.09765625 0.4423828125 0.12187500000000001 0.0625
1 0.236328125 0.4423828125 0.11015625000000001 0.06640625
1 0.393359375 0.44580078125 0.13828125 0.0615234375
1 0.567578125 0.4443359375 0.14765625000000002 0.078125
1 0.700390625 0.4384765625 0.11640625 0.07421875
0 0.252734375 0.32470703125 0.09921875000000001 0.1025390625
0 0.244140625 0.55615234375 0.10859375 0.1083984375
0 0.434375 0.57373046875 0.12187500000000001 0.1142578125
0 0.43046875 0.3271484375 0.10312500000000001 0.10546875
