2 0.32734375000000004 0.298828125 0.19375 0.033203125
2 0.326953125 0.49267578125 0.29140625000000003 0.0361328125
2 0.328125 0.6845703125 0.26875 0.037109375
2 0.325 0.78955078125 0.2390625 0.0322265625
1 0.340625 0.07080078125 0.0546875 0.1279296875
1 0.3359375 0.21923828125 0.0546875 0.1650390625
1 0.32929687500000004 0.4052734375 0.06015625 0.18359375
1 0.33515625000000004 0.66357421875 0.0578125 0.1728515625
1 0.334765625 0.904296875 0.06015625 0.15234375
0 0.23125 0.578125 0.078125 0.130859375
0 0.43281250000000004 0.5908203125 0.0734375 0.138671875
0 0.4390625 0.85400390625 0.0765625 0.1201171875
0 0.432421875 0.126953125 0.06171875 0.134765625
0 0.24140625000000002 0.13818359375 0.0734375 0.1318359375
0 0.43203125000000003 0.36767578125 0.065625 0.1259765625
0 0.22617187500000002 0.36181640625 0.07734375 0.1318359375
