1 0.34218750000000003 0.06689453125 0.060937500000000006 0.1201171875
1 0.33515625000000004 0.2177734375 0.0578125 0.18359375
1 0.32539062500000004 0.39306640625 0.06015625 0.1845703125
1 0.330859375 0.6376953125 0.05078125 0.197265625
1 0.335546875 0.8916015625 0.06015625 0.16796875
2 0.33203125 0.28515625 0.19062500000000002 0.037109375
2 0.33671875 0.48046875 0.30000000000000004 0.03125
2 0.321875 0.6630859375 0.2421875 0.03125
2 0.33906250000000004 0.76953125 0.2578125 0.03125
0 0.43046875 0.359375 0.078125 0.125
0 0.226953125 0.34716796875 0.07421875 0.1416015625
0 0.232421875 0.56201171875 0.07421875 0.1337890625
0 0.43398437500000003 0.5732421875 0.07109375 0.12109375
0 0.43515625 0.8310546875 0.07500000000000001 0.12890625
