2 0.14140625 0.51318359375 0.026562500000000003 0.2802734375
2 0.19296875000000002 0.51025390625 0.021875000000000002 0.2705078125
2 0.33710937500000004 0.5068359375 0.025781250000000002 0.294921875
1 0.12070312500000001 0.51220703125 0.08828125 0.0439453125
1 0.278515625 0.5087890625 0.12578125 0.048828125
1 0.44765625000000003 0.505859375 0.1171875 0.05078125
0 0.047656250000000004 0.4072265625 0.0765625 0.076171875
0 0.049609375000000004 0.623046875 0.07734375 0.056640625
0 0.232421875 0.609375 0.08515625 0.04296875
0 0.22968750000000002 0.41162109375 0.0859375 0.0400390625
0 0.40273437500000003 0.607421875 0.08671875000000001 0.04296875
0 0.4078125 0.41015625 0.078125 0.052734375
