0 0.2609375 0.2041015625 0.07500000000000001 0.150390625
0 0.45 0.2099609375 0.06875 0.14453125
0 0.45390625 0.4345703125 0.06875 0.146484375
0 0.24453125 0.4365234375 0.07968750000000001 0.146484375
0 0.24960937500000002 0.6630859375 0.07265625 0.119140625
0 0.46171875 0.66357421875 0.065625 0.1416015625
1 0.35664062500000004 0.123046875 0.055468750000000004 0.212890625
1 0.35195312500000003 0.31884765625 0.05390625 0.1806640625
1 0.345703125 0.50146484375 0.055468750000000004 0.1845703125
1 0.3515625 0.748046875 0.05625 0.1875
2 0.34296875000000004 0.36083984375 0.2859375 0.0322265625
2 0.34375 0.56982421875 0.328125 0.0361328125
2 0.33203125 0.75 0.2734375 0.02734375
2 0.33242187500000003 0.8681640625 0.24921875000000002 0.02734375
