2 0.423828125 0.04296875 0.17265625 0.025390625
2 0.4078125 0.17822265625 0.1953125 0.0244140625
2 0.4078125 0.25732421875 0.19843750000000002 0.0380859375
2 0.41484375 0.419921875 0.25 0.048828125
2 0.38828125 0.49853515625 0.26875 0.0283203125
2 0.40546875000000004 0.57958984375 0.265625 0.0380859375
2 0.405859375 0.65283203125 0.25234375000000003 0.0556640625
0 0.500390625 0.12646484375 0.05078125 0.0908203125
0 0.32734375000000004 0.11328125 0.05 0.095703125
0 0.31367187500000004 0.32275390625 0.05234375 0.0908203125
0 0.5015625 0.34375 0.06406250000000001 0.080078125
1 0.403125 0.05859375 0.034375 0.10546875
1 0.392578125 0.2197265625 0.04296875 0.16796875
1 0.400390625 0.4072265625 0.03671875 0.166015625
1 0.39687500000000003 0.58251953125 0.045312500000000006 0.1162109375
