2 0.46132812500000003 0.169921875 0.21953125 0.03515625
2 0.448828125 0.232421875 0.22578125000000002 0.02734375
2 0.43398437500000003 0.412109375 0.24140625000000002 0.025390625
1 0.43476562500000004 0.16357421875 0.041406250000000006 0.1552734375
1 0.423828125 0.35595703125 0.049218750000000006 0.1416015625
1 0.424609375 0.56103515625 0.03671875 0.1611328125
0 0.35781250000000003 0.27978515625 0.0390625 0.1162109375
0 0.5183593750000001 0.2802734375 0.032031250000000004 0.10546875
0 0.527734375 0.06494140625 0.041406250000000006 0.0771484375
0 0.35859375000000004 0.0546875 0.0625 0.09765625
