1 0.40351562500000004 0.07861328125 0.04296875 0.1025390625
1 0.39921875 0.24560546875 0.043750000000000004 0.1142578125
1 0.390625 0.44384765625 0.0546875 0.1728515625
1 0.393359375 0.6650390625 0.057031250000000006 0.181640625
1 0.390234375 0.87451171875 0.05234375 0.1611328125
0 0.31015625 0.171875 0.065625 0.119140625
0 0.30976562500000004 0.38232421875 0.06015625 0.1142578125
0 0.30781250000000004 0.6015625 0.0671875 0.103515625
0 0.30195312500000004 0.82958984375 0.06640625 0.1064453125
0 0.486328125 0.16796875 0.06015625 0.126953125
0 0.476171875 0.38134765625 0.049218750000000006 0.1201171875
0 0.487890625 0.60205078125 0.057031250000000006 0.1181640625
0 0.494140625 0.83837890625 0.06484375 0.1162109375
2 0.39765625000000004 0.05712890625 0.2390625 0.0341796875
2 0.39609375 0.10400390625 0.2546875 0.0361328125
2 0.394140625 0.27685546875 0.27578125000000003 0.0361328125
2 0.3921875 0.32568359375 0.275 0.0283203125
2 0.38984375000000004 0.47216796875 0.2734375 0.0400390625
2 0.384765625 0.54296875 0.29453125 0.033203125
2 0.39492187500000003 0.72021484375 0.29296875 0.0478515625
