0 0.25078125 0.30615234375 0.096875 0.1240234375
0 0.44453125000000004 0.3115234375 0.0859375 0.115234375
0 0.260546875 0.52587890625 0.07734375 0.1494140625
1 0.34765625 0.2978515625 0.0484375 0.142578125
1 0.35195312500000003 0.48681640625 0.05078125 0.1767578125
1 0.350390625 0.70263671875 0.049218750000000006 0.1767578125
1 0.350390625 0.8759765625 0.06015625 0.162109375
2 0.349609375 0.4248046875 0.30703125000000003 0.0390625
2 0.35703125 0.474609375 0.2921875 0.03515625
2 0.347265625 0.658203125 0.31484375000000003 0.04296875
