2 0.14453125 0.5087890625 0.0203125 0.298828125
2 0.191796875 0.5048828125 0.02109375 0.279296875
2 0.33359375 0.49609375 0.0203125 0.29296875
1 0.1265625 0.50341796875 0.1 0.0458984375
1 0.28515625 0.501953125 0.125 0.048828125
1 0.45234375000000004 0.49755859375 0.11875000000000001 0.0478515625
0 0.05078125 0.39599609375 0.07500000000000001 0.0751953125
0 0.051171875000000006 0.615234375 0.07890625000000001 0.064453125
0 0.228515625 0.60107421875 0.08359375000000001 0.0458984375
0 0.228515625 0.40283203125 0.08828125 0.0517578125
0 0.412890625 0.404296875 0.06796875000000001 0.046875
0 0.40742187500000004 0.5947265625 0.07265625 0.041015625
