1 0.51796875 0.1240234375 0.059375000000000004 0.15625
1 0.4921875 0.29248046875 0.0484375 0.1572265625
1 0.46953125 0.4677734375 0.043750000000000004 0.189453125
1 0.463671875 0.63134765625 0.05390625 0.1416015625
2 0.50390625 0.2529296875 0.26406250000000003 0.078125
2 0.474609375 0.4208984375 0.28359375000000003 0.076171875
2 0.46601562500000004 0.49365234375 0.30703125000000003 0.0673828125
2 0.45351562500000003 0.64892578125 0.27109375 0.0849609375
0 0.43398437500000003 0.12255859375 0.06328125 0.1083984375
0 0.6019531250000001 0.1484375 0.06640625 0.109375
0 0.5867187500000001 0.3408203125 0.06406250000000001 0.11328125
0 0.390625 0.31591796875 0.07187500000000001 0.1123046875
0 0.349609375 0.52197265625 0.07421875 0.0986328125
0 0.5808593750000001 0.5498046875 0.06953125 0.109375
