0 0.0890625 0.40673828125 0.0734375 0.0673828125
0 0.099609375 0.6201171875 0.06953125 0.064453125
0 0.2625 0.62255859375 0.0765625 0.0732421875
0 0.2546875 0.384765625 0.078125 0.076171875
2 0.15703125 0.5048828125 0.0484375 0.3359375
2 0.20390625 0.4951171875 0.034375 0.33203125
2 0.33984375 0.5048828125 0.037500000000000006 0.359375
2 0.400390625 0.48583984375 0.02109375 0.3466796875
2 0.03359375 0.50146484375 0.0234375 0.2724609375
1 0.051171875000000006 0.5029296875 0.10078125 0.0546875
1 0.187890625 0.48876953125 0.13046875 0.0615234375
1 0.32343750000000004 0.4921875 0.12187500000000001 0.052734375
1 0.46640625 0.4951171875 0.0921875 0.052734375
2 0.526953125 0.49658203125 0.04296875 0.3017578125
