2 0.433203125 0.41845703125 0.039843750000000004 0.3681640625
2 0.327734375 0.43603515625 0.04609375 0.4423828125
2 0.137109375 0.400390625 0.02421875 0.322265625
2 0.24960937500000002 0.42138671875 0.03359375 0.3818359375
1 0.282421875 0.38818359375 0.09609375 0.0537109375
1 0.425390625 0.40380859375 0.09921875000000001 0.0498046875
0 0.133203125 0.291015625 0.06796875000000001 0.060546875
0 0.11875000000000001 0.5244140625 0.0578125 0.08203125
0 0.20859375000000002 0.5576171875 0.084375 0.072265625
0 0.22617187500000002 0.291015625 0.07890625000000001 0.076171875
