1 0.096875 0.443359375 0.1625 0.0625
1 0.24765625000000002 0.439453125 0.1390625 0.0625
1 0.38320312500000003 0.43408203125 0.13671875 0.0634765625
1 0.58515625 0.4404296875 0.1484375 0.06640625
0 0.15937500000000002 0.3212890625 0.1078125 0.091796875
0 0.34023437500000003 0.56591796875 0.11328125 0.0849609375
0 0.33828125000000003 0.3046875 0.1171875 0.103515625
0 0.51015625 0.31298828125 0.109375 0.0986328125
0 0.520703125 0.57421875 0.10859375 0.078125
0 0.7312500000000001 0.57763671875 0.109375 0.0888671875
2 0.27421875 0.4296875 0.021875000000000002 0.3671875
2 0.43867187500000004 0.43115234375 0.02734375 0.4130859375
2 0.575390625 0.4072265625 0.01640625 0.287109375
2 0.671875 0.40283203125 0.0203125 0.2978515625
0 0.14921875 0.56494140625 0.1078125 0.0771484375
