2 0.36484375 0.14111328125 0.2921875 0.0615234375
2 0.369921875 0.3388671875 0.31953125000000004 0.037109375
2 0.3671875 0.53369140625 0.325 0.0322265625
1 0.36796875 0.1513671875 0.0484375 0.17578125
1 0.36562500000000003 0.32666015625 0.0546875 0.1767578125
1 0.35664062500000004 0.50439453125 0.06171875 0.1708984375
1 0.36171875000000003 0.7568359375 0.0546875 0.1484375
0 0.26328125 0.4140625 0.07187500000000001 0.173828125
0 0.27578125000000003 0.205078125 0.0671875 0.12890625
0 0.264453125 0.63671875 0.08359375000000001 0.13671875
0 0.46992187500000004 0.423828125 0.07109375 0.140625
0 0.46914062500000003 0.65087890625 0.07890625000000001 0.1298828125
0 0.48359375000000004 0.89306640625 0.07187500000000001 0.1455078125
0 0.253515625 0.8876953125 0.08671875000000001 0.11328125
2 0.36171875000000003 0.80712890625 0.3328125 0.0478515625
