2 0.45039062500000004 0.0517578125 0.25078125 0.02734375
2 0.44960937500000003 0.1064453125 0.25390625 0.03125
2 0.44257812500000004 0.2744140625 0.25703125 0.037109375
2 0.437109375 0.32373046875 0.26015625000000003 0.0419921875
2 0.425390625 0.6552734375 0.28515625 0.03515625
2 0.42304687500000004 0.720703125 0.28984375 0.044921875
2 0.41132812500000004 0.89892578125 0.28203125 0.0537109375
1 0.431640625 0.0771484375 0.04453125 0.1328125
1 0.41640625000000003 0.2958984375 0.040625 0.134765625
1 0.41015625 0.48291015625 0.045312500000000006 0.1474609375
1 0.3953125 0.6748046875 0.0484375 0.166015625
1 0.3875 0.869140625 0.05625 0.171875
0 0.519921875 0.19873046875 0.04609375 0.0908203125
0 0.34609375000000003 0.38916015625 0.0421875 0.1083984375
0 0.5105468750000001 0.3916015625 0.04453125 0.11328125
0 0.50703125 0.58251953125 0.05 0.1220703125
0 0.334765625 0.56298828125 0.049218750000000006 0.1005859375
0 0.31093750000000003 0.7763671875 0.0578125 0.11328125
0 0.48945312500000004 0.7900390625 0.06171875 0.103515625
